0.00000e+00	0.00000e+00	1.10000e+03	4.44266e-01	8.95021e-31
0.00000e+00	1.04167e-03	1.10000e+03	4.44266e-01	8.95021e-31
0.00000e+00	3.12500e-03	1.10000e+03	4.44266e-01	8.95199e-31
0.00000e+00	5.20833e-03	1.10000e+03	4.44266e-01	8.95475e-31
0.00000e+00	7.29167e-03	1.10000e+03	4.44266e-01	8.95732e-31
0.00000e+00	9.37500e-03	1.10000e+03	4.44266e-01	8.95848e-31
0.00000e+00	1.14583e-02	1.10000e+03	4.44266e-01	8.95739e-31
0.00000e+00	1.35417e-02	1.10000e+03	4.44266e-01	8.95385e-31
0.00000e+00	1.56250e-02	1.10000e+03	4.44266e-01	8.94831e-31
0.00000e+00	1.77083e-02	1.10000e+03	4.44266e-01	8.94176e-31
0.00000e+00	1.97917e-02	1.10000e+03	4.44266e-01	8.93540e-31
0.00000e+00	2.18750e-02	1.10000e+03	4.44266e-01	8.93041e-31
0.00000e+00	2.39583e-02	1.10000e+03	4.44266e-01	8.92767e-31
0.00000e+00	2.60417e-02	1.10000e+03	4.44266e-01	8.92767e-31
0.00000e+00	2.81250e-02	1.10000e+03	4.44266e-01	8.93041e-31
0.00000e+00	3.02083e-02	1.10000e+03	4.44266e-01	8.93540e-31
0.00000e+00	3.22917e-02	1.10000e+03	4.44266e-01	8.94176e-31
0.00000e+00	3.43750e-02	1.10000e+03	4.44266e-01	8.94831e-31
0.00000e+00	3.64583e-02	1.10000e+03	4.44266e-01	8.95385e-31
0.00000e+00	3.85417e-02	1.10000e+03	4.44266e-01	8.95739e-31
0.00000e+00	4.06250e-02	1.10000e+03	4.44266e-01	8.95848e-31
0.00000e+00	4.27083e-02	1.10000e+03	4.44266e-01	8.95732e-31
0.00000e+00	4.47917e-02	1.10000e+03	4.44266e-01	8.95475e-31
0.00000e+00	4.68750e-02	1.10000e+03	4.44266e-01	8.95199e-31
0.00000e+00	4.89583e-02	1.10000e+03	4.44266e-01	8.95021e-31
0.00000e+00	5.00000e-02	1.10000e+03	4.44266e-01	8.95021e-31

1.00000e-03	0.00000e+00	1.09442e+03	4.44266e-01	8.95021e-31
1.00000e-03	1.04167e-03	1.09442e+03	4.44266e-01	8.95021e-31
1.00000e-03	3.12500e-03	1.09442e+03	4.44266e-01	8.95199e-31
1.00000e-03	5.20833e-03	1.09442e+03	4.44266e-01	8.95475e-31
1.00000e-03	7.29167e-03	1.09443e+03	4.44266e-01	8.95732e-31
1.00000e-03	9.37500e-03	1.09443e+03	4.44266e-01	8.95848e-31
1.00000e-03	1.14583e-02	1.09443e+03	4.44266e-01	8.95739e-31
1.00000e-03	1.35417e-02	1.09443e+03	4.44266e-01	8.95385e-31
1.00000e-03	1.56250e-02	1.09443e+03	4.44266e-01	8.94831e-31
1.00000e-03	1.77083e-02	1.09443e+03	4.44266e-01	8.94176e-31
1.00000e-03	1.97917e-02	1.09443e+03	4.44266e-01	8.93540e-31
1.00000e-03	2.18750e-02	1.09443e+03	4.44266e-01	8.93041e-31
1.00000e-03	2.39583e-02	1.09443e+03	4.44266e-01	8.92767e-31
1.00000e-03	2.60417e-02	1.09443e+03	4.44266e-01	8.92767e-31
1.00000e-03	2.81250e-02	1.09443e+03	4.44266e-01	8.93041e-31
1.00000e-03	3.02083e-02	1.09443e+03	4.44266e-01	8.93540e-31
1.00000e-03	3.22917e-02	1.09443e+03	4.44266e-01	8.94176e-31
1.00000e-03	3.43750e-02	1.09443e+03	4.44266e-01	8.94831e-31
1.00000e-03	3.64583e-02	1.09443e+03	4.44266e-01	8.95385e-31
1.00000e-03	3.85417e-02	1.09443e+03	4.44266e-01	8.95739e-31
1.00000e-03	4.06250e-02	1.09443e+03	4.44266e-01	8.95848e-31
1.00000e-03	4.27083e-02	1.09443e+03	4.44266e-01	8.95732e-31
1.00000e-03	4.47917e-02	1.09442e+03	4.44266e-01	8.95475e-31
1.00000e-03	4.68750e-02	1.09442e+03	4.44266e-01	8.95199e-31
1.00000e-03	4.89583e-02	1.09442e+03	4.44266e-01	8.95021e-31
1.00000e-03	5.00000e-02	1.09442e+03	4.44266e-01	8.95021e-31

3.00000e-03	0.00000e+00	1.08334e+03	4.44266e-01	8.95698e-31
3.00000e-03	1.04167e-03	1.08334e+03	4.44266e-01	8.95698e-31
3.00000e-03	3.12500e-03	1.08334e+03	4.44266e-01	8.95906e-31
3.00000e-03	5.20833e-03	1.08335e+03	4.44266e-01	8.96239e-31
3.00000e-03	7.29167e-03	1.08335e+03	4.44266e-01	8.96573e-31
3.00000e-03	9.37500e-03	1.08335e+03	4.44266e-01	8.96780e-31
3.00000e-03	1.14583e-02	1.08336e+03	4.44266e-01	8.96769e-31
3.00000e-03	1.35417e-02	1.08336e+03	4.44266e-01	8.96511e-31
3.00000e-03	1.56250e-02	1.08336e+03	4.44266e-01	8.96048e-31
3.00000e-03	1.77083e-02	1.08337e+03	4.44266e-01	8.95471e-31
3.00000e-03	1.97917e-02	1.08337e+03	4.44266e-01	8.94897e-31
3.00000e-03	2.18750e-02	1.08337e+03	4.44266e-01	8.94441e-31
3.00000e-03	2.39583e-02	1.08337e+03	4.44266e-01	8.94189e-31
3.00000e-03	2.60417e-02	1.08337e+03	4.44266e-01	8.94189e-31
3.00000e-03	2.81250e-02	1.08337e+03	4.44266e-01	8.94441e-31
3.00000e-03	3.02083e-02	1.08337e+03	4.44266e-01	8.94897e-31
3.00000e-03	3.22917e-02	1.08337e+03	4.44266e-01	8.95471e-31
3.00000e-03	3.43750e-02	1.08336e+03	4.44266e-01	8.96048e-31
3.00000e-03	3.64583e-02	1.08336e+03	4.44266e-01	8.96512e-31
3.00000e-03	3.85417e-02	1.08336e+03	4.44266e-01	8.96769e-31
3.00000e-03	4.06250e-02	1.08335e+03	4.44266e-01	8.96781e-31
3.00000e-03	4.27083e-02	1.08335e+03	4.44266e-01	8.96574e-31
3.00000e-03	4.47917e-02	1.08335e+03	4.44266e-01	8.96240e-31
3.00000e-03	4.68750e-02	1.08334e+03	4.44266e-01	8.95907e-31
3.00000e-03	4.89583e-02	1.08334e+03	4.44266e-01	8.95698e-31
3.00000e-03	5.00000e-02	1.08334e+03	4.44266e-01	8.95698e-31

5.00000e-03	0.00000e+00	1.07247e+03	4.44266e-01	8.97016e-31
5.00000e-03	1.04167e-03	1.07247e+03	4.44266e-01	8.97016e-31
5.00000e-03	3.12500e-03	1.07248e+03	4.44266e-01	8.97283e-31
5.00000e-03	5.20833e-03	1.07248e+03	4.44266e-01	8.97726e-31
5.00000e-03	7.29167e-03	1.07249e+03	4.44266e-01	8.98209e-31
5.00000e-03	9.37500e-03	1.07250e+03	4.44266e-01	8.98590e-31
5.00000e-03	1.14583e-02	1.07250e+03	4.44266e-01	8.98762e-31
5.00000e-03	1.35417e-02	1.07251e+03	4.44266e-01	8.98685e-31
5.00000e-03	1.56250e-02	1.07251e+03	4.44266e-01	8.98388e-31
5.00000e-03	1.77083e-02	1.07251e+03	4.44266e-01	8.97954e-31
5.00000e-03	1.97917e-02	1.07252e+03	4.44266e-01	8.97493e-31
5.00000e-03	2.18750e-02	1.07252e+03	4.44266e-01	8.97113e-31
5.00000e-03	2.39583e-02	1.07252e+03	4.44266e-01	8.96901e-31
5.00000e-03	2.60417e-02	1.07252e+03	4.44266e-01	8.96901e-31
5.00000e-03	2.81250e-02	1.07252e+03	4.44266e-01	8.97113e-31
5.00000e-03	3.02083e-02	1.07252e+03	4.44266e-01	8.97493e-31
5.00000e-03	3.22917e-02	1.07251e+03	4.44266e-01	8.97954e-31
5.00000e-03	3.43750e-02	1.07251e+03	4.44266e-01	8.98388e-31
5.00000e-03	3.64583e-02	1.07251e+03	4.44266e-01	8.98686e-31
5.00000e-03	3.85417e-02	1.07250e+03	4.44266e-01	8.98762e-31
5.00000e-03	4.06250e-02	1.07250e+03	4.44266e-01	8.98590e-31
5.00000e-03	4.27083e-02	1.07249e+03	4.44266e-01	8.98209e-31
5.00000e-03	4.47917e-02	1.07248e+03	4.44266e-01	8.97726e-31
5.00000e-03	4.68750e-02	1.07248e+03	4.44266e-01	8.97283e-31
5.00000e-03	4.89583e-02	1.07247e+03	4.44266e-01	8.97016e-31
5.00000e-03	5.00000e-02	1.07247e+03	4.44266e-01	8.97016e-31

7.00000e-03	0.00000e+00	1.06195e+03	4.44266e-01	8.98933e-31
7.00000e-03	1.04167e-03	1.06195e+03	4.44266e-01	8.98933e-31
7.00000e-03	3.12500e-03	1.06196e+03	4.44266e-01	8.99283e-31
7.00000e-03	5.20833e-03	1.06197e+03	4.44266e-01	8.99880e-31
7.00000e-03	7.29167e-03	1.06198e+03	4.44266e-01	9.00571e-31
7.00000e-03	9.37500e-03	1.06198e+03	4.44266e-01	9.01191e-31
7.00000e-03	1.14583e-02	1.06199e+03	4.44266e-01	9.01614e-31
7.00000e-03	1.35417e-02	1.06200e+03	4.44266e-01	9.01779e-31
7.00000e-03	1.56250e-02	1.06201e+03	4.44266e-01	9.01701e-31
7.00000e-03	1.77083e-02	1.06201e+03	4.44266e-01	9.01451e-31
7.00000e-03	1.97917e-02	1.06202e+03	4.44266e-01	9.01131e-31
7.00000e-03	2.18750e-02	1.06202e+03	4.44266e-01	9.00848e-31
7.00000e-03	2.39583e-02	1.06202e+03	4.44266e-01	9.00683e-31
7.00000e-03	2.60417e-02	1.06202e+03	4.44266e-01	9.00683e-31
7.00000e-03	2.81250e-02	1.06202e+03	4.44266e-01	9.00848e-31
7.00000e-03	3.02083e-02	1.06202e+03	4.44266e-01	9.01131e-31
7.00000e-03	3.22917e-02	1.06201e+03	4.44266e-01	9.01451e-31
7.00000e-03	3.43750e-02	1.06201e+03	4.44266e-01	9.01701e-31
7.00000e-03	3.64583e-02	1.06200e+03	4.44266e-01	9.01779e-31
7.00000e-03	3.85417e-02	1.06199e+03	4.44266e-01	9.01614e-31
7.00000e-03	4.06250e-02	1.06198e+03	4.44266e-01	9.01191e-31
7.00000e-03	4.27083e-02	1.06198e+03	4.44266e-01	9.00571e-31
7.00000e-03	4.47917e-02	1.06197e+03	4.44266e-01	8.99880e-31
7.00000e-03	4.68750e-02	1.06196e+03	4.44266e-01	8.99283e-31
7.00000e-03	4.89583e-02	1.06195e+03	4.44266e-01	8.98934e-31
7.00000e-03	5.00000e-02	1.06195e+03	4.44266e-01	8.98934e-31

9.00000e-03	0.00000e+00	1.05190e+03	4.44266e-01	9.01414e-31
9.00000e-03	1.04167e-03	1.05190e+03	4.44266e-01	9.01414e-31
9.00000e-03	3.12500e-03	1.05191e+03	4.44266e-01	9.01863e-31
9.00000e-03	5.20833e-03	1.05192e+03	4.44266e-01	9.02645e-31
9.00000e-03	7.29167e-03	1.05193e+03	4.44266e-01	9.03582e-31
9.00000e-03	9.37500e-03	1.05194e+03	4.44266e-01	9.04482e-31
9.00000e-03	1.14583e-02	1.05195e+03	4.44266e-01	9.05190e-31
9.00000e-03	1.35417e-02	1.05196e+03	4.44266e-01	9.05623e-31
9.00000e-03	1.56250e-02	1.05197e+03	4.44266e-01	9.05779e-31
9.00000e-03	1.77083e-02	1.05198e+03	4.44266e-01	9.05718e-31
9.00000e-03	1.97917e-02	1.05198e+03	4.44266e-01	9.05539e-31
9.00000e-03	2.18750e-02	1.05198e+03	4.44266e-01	9.05347e-31
9.00000e-03	2.39583e-02	1.05199e+03	4.44266e-01	9.05227e-31
9.00000e-03	2.60417e-02	1.05199e+03	4.44266e-01	9.05227e-31
9.00000e-03	2.81250e-02	1.05198e+03	4.44266e-01	9.05347e-31
9.00000e-03	3.02083e-02	1.05198e+03	4.44266e-01	9.05539e-31
9.00000e-03	3.22917e-02	1.05198e+03	4.44266e-01	9.05718e-31
9.00000e-03	3.43750e-02	1.05197e+03	4.44266e-01	9.05779e-31
9.00000e-03	3.64583e-02	1.05196e+03	4.44266e-01	9.05623e-31
9.00000e-03	3.85417e-02	1.05195e+03	4.44266e-01	9.05190e-31
9.00000e-03	4.06250e-02	1.05194e+03	4.44266e-01	9.04482e-31
9.00000e-03	4.27083e-02	1.05193e+03	4.44266e-01	9.03582e-31
9.00000e-03	4.47917e-02	1.05192e+03	4.44266e-01	9.02645e-31
9.00000e-03	4.68750e-02	1.05191e+03	4.44266e-01	9.01863e-31
9.00000e-03	4.89583e-02	1.05190e+03	4.44266e-01	9.01415e-31
9.00000e-03	5.00000e-02	1.05190e+03	4.44266e-01	9.01415e-31

1.10000e-02	0.00000e+00	1.04242e+03	4.44266e-01	9.04428e-31
1.10000e-02	1.04167e-03	1.04242e+03	4.44266e-01	9.04428e-31
1.10000e-02	3.12500e-03	1.04243e+03	4.44266e-01	9.04984e-31
1.10000e-02	5.20833e-03	1.04245e+03	4.44266e-01	9.05963e-31
1.10000e-02	7.29167e-03	1.04246e+03	4.44266e-01	9.07159e-31
1.10000e-02	9.37500e-03	1.04247e+03	4.44266e-01	9.08345e-31
1.10000e-02	1.14583e-02	1.04248e+03	4.44266e-01	9.09333e-31
1.10000e-02	1.35417e-02	1.04249e+03	4.44266e-01	9.10017e-31
1.10000e-02	1.56250e-02	1.04250e+03	4.44266e-01	9.10376e-31
1.10000e-02	1.77083e-02	1.04251e+03	4.44266e-01	9.10466e-31
1.10000e-02	1.97917e-02	1.04252e+03	4.44266e-01	9.10387e-31
1.10000e-02	2.18750e-02	1.04252e+03	4.44266e-01	9.10253e-31
1.10000e-02	2.39583e-02	1.04252e+03	4.44266e-01	9.10158e-31
1.10000e-02	2.60417e-02	1.04252e+03	4.44266e-01	9.10158e-31
1.10000e-02	2.81250e-02	1.04252e+03	4.44266e-01	9.10253e-31
1.10000e-02	3.02083e-02	1.04252e+03	4.44266e-01	9.10387e-31
1.10000e-02	3.22917e-02	1.04251e+03	4.44266e-01	9.10466e-31
1.10000e-02	3.43750e-02	1.04250e+03	4.44266e-01	9.10376e-31
1.10000e-02	3.64583e-02	1.04249e+03	4.44266e-01	9.10017e-31
1.10000e-02	3.85417e-02	1.04248e+03	4.44266e-01	9.09333e-31
1.10000e-02	4.06250e-02	1.04247e+03	4.44266e-01	9.08345e-31
1.10000e-02	4.27083e-02	1.04246e+03	4.44266e-01	9.07159e-31
1.10000e-02	4.47917e-02	1.04245e+03	4.44266e-01	9.05964e-31
1.10000e-02	4.68750e-02	1.04243e+03	4.44266e-01	9.04984e-31
1.10000e-02	4.89583e-02	1.04242e+03	4.44266e-01	9.04428e-31
1.10000e-02	5.00000e-02	1.04242e+03	4.44266e-01	9.04428e-31

1.30000e-02	0.00000e+00	1.03360e+03	4.44266e-01	9.07917e-31
1.30000e-02	1.04167e-03	1.03360e+03	4.44266e-01	9.07917e-31
1.30000e-02	3.12500e-03	1.03362e+03	4.44266e-01	9.08578e-31
1.30000e-02	5.20833e-03	1.03363e+03	4.44266e-01	9.09748e-31
1.30000e-02	7.29167e-03	1.03364e+03	4.44266e-01	9.11186e-31
1.30000e-02	9.37500e-03	1.03366e+03	4.44266e-01	9.12628e-31
1.30000e-02	1.14583e-02	1.03367e+03	4.44266e-01	9.13851e-31
1.30000e-02	1.35417e-02	1.03368e+03	4.44266e-01	9.14722e-31
1.30000e-02	1.56250e-02	1.03369e+03	4.44266e-01	9.15208e-31
1.30000e-02	1.77083e-02	1.03370e+03	4.44266e-01	9.15367e-31
1.30000e-02	1.97917e-02	1.03371e+03	4.44266e-01	9.15312e-31
1.30000e-02	2.18750e-02	1.03371e+03	4.44266e-01	9.15176e-31
1.30000e-02	2.39583e-02	1.03372e+03	4.44266e-01	9.15074e-31
1.30000e-02	2.60417e-02	1.03372e+03	4.44266e-01	9.15074e-31
1.30000e-02	2.81250e-02	1.03371e+03	4.44266e-01	9.15176e-31
1.30000e-02	3.02083e-02	1.03371e+03	4.44266e-01	9.15312e-31
1.30000e-02	3.22917e-02	1.03370e+03	4.44266e-01	9.15367e-31
1.30000e-02	3.43750e-02	1.03369e+03	4.44266e-01	9.15208e-31
1.30000e-02	3.64583e-02	1.03368e+03	4.44266e-01	9.14722e-31
1.30000e-02	3.85417e-02	1.03367e+03	4.44266e-01	9.13852e-31
1.30000e-02	4.06250e-02	1.03366e+03	4.44266e-01	9.12629e-31
1.30000e-02	4.27083e-02	1.03364e+03	4.44266e-01	9.11187e-31
1.30000e-02	4.47917e-02	1.03363e+03	4.44266e-01	9.09748e-31
1.30000e-02	4.68750e-02	1.03362e+03	4.44266e-01	9.08578e-31
1.30000e-02	4.89583e-02	1.03360e+03	4.44266e-01	9.07917e-31
1.30000e-02	5.00000e-02	1.03360e+03	4.44266e-01	9.07917e-31

1.50000e-02	0.00000e+00	1.02550e+03	4.44266e-01	9.11748e-31
1.50000e-02	1.04167e-03	1.02550e+03	4.44266e-01	9.11748e-31
1.50000e-02	3.12500e-03	1.02552e+03	4.44266e-01	9.12501e-31
1.50000e-02	5.20833e-03	1.02553e+03	4.44266e-01	9.13834e-31
1.50000e-02	7.29167e-03	1.02555e+03	4.44266e-01	9.15473e-31
1.50000e-02	9.37500e-03	1.02556e+03	4.44266e-01	9.17112e-31
1.50000e-02	1.14583e-02	1.02557e+03	4.44266e-01	9.18491e-31
1.50000e-02	1.35417e-02	1.02559e+03	4.44266e-01	9.19453e-31
1.50000e-02	1.56250e-02	1.02560e+03	4.44266e-01	9.19960e-31
1.50000e-02	1.77083e-02	1.02561e+03	4.44266e-01	9.20080e-31
1.50000e-02	1.97917e-02	1.02561e+03	4.44266e-01	9.19950e-31
1.50000e-02	2.18750e-02	1.02562e+03	4.44266e-01	9.19738e-31
1.50000e-02	2.39583e-02	1.02562e+03	4.44266e-01	9.19588e-31
1.50000e-02	2.60417e-02	1.02562e+03	4.44266e-01	9.19588e-31
1.50000e-02	2.81250e-02	1.02562e+03	4.44266e-01	9.19738e-31
1.50000e-02	3.02083e-02	1.02561e+03	4.44266e-01	9.19950e-31
1.50000e-02	3.22917e-02	1.02561e+03	4.44266e-01	9.20080e-31
1.50000e-02	3.43750e-02	1.02560e+03	4.44266e-01	9.19960e-31
1.50000e-02	3.64583e-02	1.02559e+03	4.44266e-01	9.19453e-31
1.50000e-02	3.85417e-02	1.02557e+03	4.44266e-01	9.18491e-31
1.50000e-02	4.06250e-02	1.02556e+03	4.44266e-01	9.17112e-31
1.50000e-02	4.27083e-02	1.02555e+03	4.44266e-01	9.15474e-31
1.50000e-02	4.47917e-02	1.02553e+03	4.44266e-01	9.13834e-31
1.50000e-02	4.68750e-02	1.02552e+03	4.44266e-01	9.12501e-31
1.50000e-02	4.89583e-02	1.02550e+03	4.44266e-01	9.11748e-31
1.50000e-02	5.00000e-02	1.02550e+03	4.44266e-01	9.11748e-31

1.70000e-02	0.00000e+00	1.01815e+03	4.44266e-01	9.15666e-31
1.70000e-02	1.04167e-03	1.01815e+03	4.44266e-01	9.15666e-31
1.70000e-02	3.12500e-03	1.01817e+03	4.44266e-01	9.16487e-31
1.70000e-02	5.20833e-03	1.01819e+03	4.44266e-01	9.17940e-31
1.70000e-02	7.29167e-03	1.01820e+03	4.44266e-01	9.19718e-31
1.70000e-02	9.37500e-03	1.01822e+03	4.44266e-01	9.21474e-31
1.70000e-02	1.14583e-02	1.01823e+03	4.44266e-01	9.22916e-31
1.70000e-02	1.35417e-02	1.01825e+03	4.44266e-01	9.23868e-31
1.70000e-02	1.56250e-02	1.01826e+03	4.44266e-01	9.24289e-31
1.70000e-02	1.77083e-02	1.01827e+03	4.44266e-01	9.24267e-31
1.70000e-02	1.97917e-02	1.01827e+03	4.44266e-01	9.23975e-31
1.70000e-02	2.18750e-02	1.01828e+03	4.44266e-01	9.23620e-31
1.70000e-02	2.39583e-02	1.01828e+03	4.44266e-01	9.23388e-31
1.70000e-02	2.60417e-02	1.01828e+03	4.44266e-01	9.23388e-31
1.70000e-02	2.81250e-02	1.01828e+03	4.44266e-01	9.23620e-31
1.70000e-02	3.02083e-02	1.01827e+03	4.44266e-01	9.23975e-31
1.70000e-02	3.22917e-02	1.01827e+03	4.44266e-01	9.24267e-31
1.70000e-02	3.43750e-02	1.01826e+03	4.44266e-01	9.24289e-31
1.70000e-02	3.64583e-02	1.01825e+03	4.44266e-01	9.23868e-31
1.70000e-02	3.85417e-02	1.01823e+03	4.44266e-01	9.22917e-31
1.70000e-02	4.06250e-02	1.01822e+03	4.44266e-01	9.21474e-31
1.70000e-02	4.27083e-02	1.01820e+03	4.44266e-01	9.19718e-31
1.70000e-02	4.47917e-02	1.01819e+03	4.44266e-01	9.17940e-31
1.70000e-02	4.68750e-02	1.01817e+03	4.44266e-01	9.16487e-31
1.70000e-02	4.89583e-02	1.01815e+03	4.44266e-01	9.15666e-31
1.70000e-02	5.00000e-02	1.01815e+03	4.44266e-01	9.15666e-31

1.90000e-02	0.00000e+00	1.01158e+03	4.44266e-01	9.19310e-31
1.90000e-02	1.04167e-03	1.01158e+03	4.44266e-01	9.19310e-31
1.90000e-02	3.12500e-03	1.01160e+03	4.44266e-01	9.20165e-31
1.90000e-02	5.20833e-03	1.01161e+03	4.44266e-01	9.21678e-31
1.90000e-02	7.29167e-03	1.01163e+03	4.44266e-01	9.23515e-31
1.90000e-02	9.37500e-03	1.01165e+03	4.44266e-01	9.25302e-31
1.90000e-02	1.14583e-02	1.01166e+03	4.44266e-01	9.26721e-31
1.90000e-02	1.35417e-02	1.01167e+03	4.44266e-01	9.27584e-31
1.90000e-02	1.56250e-02	1.01169e+03	4.44266e-01	9.27854e-31
1.90000e-02	1.77083e-02	1.01170e+03	4.44266e-01	9.27637e-31
1.90000e-02	1.97917e-02	1.01170e+03	4.44266e-01	9.27140e-31
1.90000e-02	2.18750e-02	1.01171e+03	4.44266e-01	9.26615e-31
1.90000e-02	2.39583e-02	1.01171e+03	4.44266e-01	9.26286e-31
1.90000e-02	2.60417e-02	1.01171e+03	4.44266e-01	9.26286e-31
1.90000e-02	2.81250e-02	1.01171e+03	4.44266e-01	9.26615e-31
1.90000e-02	3.02083e-02	1.01170e+03	4.44266e-01	9.27140e-31
1.90000e-02	3.22917e-02	1.01170e+03	4.44266e-01	9.27637e-31
1.90000e-02	3.43750e-02	1.01169e+03	4.44266e-01	9.27854e-31
1.90000e-02	3.64583e-02	1.01167e+03	4.44266e-01	9.27584e-31
1.90000e-02	3.85417e-02	1.01166e+03	4.44266e-01	9.26722e-31
1.90000e-02	4.06250e-02	1.01165e+03	4.44266e-01	9.25302e-31
1.90000e-02	4.27083e-02	1.01163e+03	4.44266e-01	9.23515e-31
1.90000e-02	4.47917e-02	1.01161e+03	4.44266e-01	9.21678e-31
1.90000e-02	4.68750e-02	1.01160e+03	4.44266e-01	9.20165e-31
1.90000e-02	4.89583e-02	1.01158e+03	4.44266e-01	9.19310e-31
1.90000e-02	5.00000e-02	1.01158e+03	4.44266e-01	9.19310e-31

2.10000e-02	0.00000e+00	1.00578e+03	4.44266e-01	9.22324e-31
2.10000e-02	1.04167e-03	1.00578e+03	4.44266e-01	9.22324e-31
2.10000e-02	3.12500e-03	1.00579e+03	4.44266e-01	9.23164e-31
2.10000e-02	5.20833e-03	1.00581e+03	4.44266e-01	9.24650e-31
2.10000e-02	7.29167e-03	1.00582e+03	4.44266e-01	9.26445e-31
2.10000e-02	9.37500e-03	1.00584e+03	4.44266e-01	9.28168e-31
2.10000e-02	1.14583e-02	1.00585e+03	4.44266e-01	9.29497e-31
2.10000e-02	1.35417e-02	1.00587e+03	4.44266e-01	9.30241e-31
2.10000e-02	1.56250e-02	1.00588e+03	4.44266e-01	9.30366e-31
2.10000e-02	1.77083e-02	1.00589e+03	4.44266e-01	9.29986e-31
2.10000e-02	1.97917e-02	1.00590e+03	4.44266e-01	9.29326e-31
2.10000e-02	2.18750e-02	1.00591e+03	4.44266e-01	9.28668e-31
2.10000e-02	2.39583e-02	1.00591e+03	4.44266e-01	9.28264e-31
2.10000e-02	2.60417e-02	1.00591e+03	4.44266e-01	9.28264e-31
2.10000e-02	2.81250e-02	1.00591e+03	4.44266e-01	9.28668e-31
2.10000e-02	3.02083e-02	1.00590e+03	4.44266e-01	9.29326e-31
2.10000e-02	3.22917e-02	1.00589e+03	4.44266e-01	9.29986e-31
2.10000e-02	3.43750e-02	1.00588e+03	4.44266e-01	9.30367e-31
2.10000e-02	3.64583e-02	1.00587e+03	4.44266e-01	9.30241e-31
2.10000e-02	3.85417e-02	1.00585e+03	4.44266e-01	9.29497e-31
2.10000e-02	4.06250e-02	1.00584e+03	4.44266e-01	9.28169e-31
2.10000e-02	4.27083e-02	1.00582e+03	4.44266e-01	9.26446e-31
2.10000e-02	4.47917e-02	1.00581e+03	4.44266e-01	9.24650e-31
2.10000e-02	4.68750e-02	1.00579e+03	4.44266e-01	9.23164e-31
2.10000e-02	4.89583e-02	1.00578e+03	4.44266e-01	9.22324e-31
2.10000e-02	5.00000e-02	1.00578e+03	4.44266e-01	9.22324e-31

2.30000e-02	0.00000e+00	1.00072e+03	4.44266e-01	9.24536e-31
2.30000e-02	1.04167e-03	1.00072e+03	4.44266e-01	9.24536e-31
2.30000e-02	3.12500e-03	1.00073e+03	4.44266e-01	9.25285e-31
2.30000e-02	5.20833e-03	1.00075e+03	4.44266e-01	9.26617e-31
2.30000e-02	7.29167e-03	1.00076e+03	4.44266e-01	9.28232e-31
2.30000e-02	9.37500e-03	1.00078e+03	4.44266e-01	9.29777e-31
2.30000e-02	1.14583e-02	1.00079e+03	4.44266e-01	9.30956e-31
2.30000e-02	1.35417e-02	1.00081e+03	4.44266e-01	9.31601e-31
2.30000e-02	1.56250e-02	1.00082e+03	4.44266e-01	9.31674e-31
2.30000e-02	1.77083e-02	1.00083e+03	4.44266e-01	9.31261e-31
2.30000e-02	1.97917e-02	1.00084e+03	4.44266e-01	9.30572e-31
2.30000e-02	2.18750e-02	1.00084e+03	4.44266e-01	9.29887e-31
2.30000e-02	2.39583e-02	1.00085e+03	4.44266e-01	9.29468e-31
2.30000e-02	2.60417e-02	1.00085e+03	4.44266e-01	9.29468e-31
2.30000e-02	2.81250e-02	1.00084e+03	4.44266e-01	9.29887e-31
2.30000e-02	3.02083e-02	1.00084e+03	4.44266e-01	9.30572e-31
2.30000e-02	3.22917e-02	1.00083e+03	4.44266e-01	9.31261e-31
2.30000e-02	3.43750e-02	1.00082e+03	4.44266e-01	9.31674e-31
2.30000e-02	3.64583e-02	1.00081e+03	4.44266e-01	9.31601e-31
2.30000e-02	3.85417e-02	1.00079e+03	4.44266e-01	9.30956e-31
2.30000e-02	4.06250e-02	1.00078e+03	4.44266e-01	9.29777e-31
2.30000e-02	4.27083e-02	1.00076e+03	4.44266e-01	9.28233e-31
2.30000e-02	4.47917e-02	1.00075e+03	4.44266e-01	9.26617e-31
2.30000e-02	4.68750e-02	1.00073e+03	4.44266e-01	9.25285e-31
2.30000e-02	4.89583e-02	1.00072e+03	4.44266e-01	9.24536e-31
2.30000e-02	5.00000e-02	1.00072e+03	4.44266e-01	9.24536e-31

2.50000e-02	0.00000e+00	9.96364e+02	4.44266e-01	9.26104e-31
2.50000e-02	1.04167e-03	9.96364e+02	4.44266e-01	9.26104e-31
2.50000e-02	3.12500e-03	9.96378e+02	4.44266e-01	9.26654e-31
2.50000e-02	5.20833e-03	9.96393e+02	4.44266e-01	9.27659e-31
2.50000e-02	7.29167e-03	9.96408e+02	4.44266e-01	9.28907e-31
2.50000e-02	9.37500e-03	9.96423e+02	4.44266e-01	9.30121e-31
2.50000e-02	1.14583e-02	9.96438e+02	4.44266e-01	9.31083e-31
2.50000e-02	1.35417e-02	9.96451e+02	4.44266e-01	9.31675e-31
2.50000e-02	1.56250e-02	9.96464e+02	4.44266e-01	9.31846e-31
2.50000e-02	1.77083e-02	9.96474e+02	4.44266e-01	9.31604e-31
2.50000e-02	1.97917e-02	9.96482e+02	4.44266e-01	9.31081e-31
2.50000e-02	2.18750e-02	9.96488e+02	4.44266e-01	9.30520e-31
2.50000e-02	2.39583e-02	9.96491e+02	4.44266e-01	9.30167e-31
2.50000e-02	2.60417e-02	9.96491e+02	4.44266e-01	9.30167e-31
2.50000e-02	2.81250e-02	9.96488e+02	4.44266e-01	9.30520e-31
2.50000e-02	3.02083e-02	9.96482e+02	4.44266e-01	9.31081e-31
2.50000e-02	3.22917e-02	9.96474e+02	4.44266e-01	9.31604e-31
2.50000e-02	3.43750e-02	9.96464e+02	4.44266e-01	9.31846e-31
2.50000e-02	3.64583e-02	9.96451e+02	4.44266e-01	9.31676e-31
2.50000e-02	3.85417e-02	9.96438e+02	4.44266e-01	9.31083e-31
2.50000e-02	4.06250e-02	9.96423e+02	4.44266e-01	9.30122e-31
2.50000e-02	4.27083e-02	9.96408e+02	4.44266e-01	9.28908e-31
2.50000e-02	4.47917e-02	9.96393e+02	4.44266e-01	9.27659e-31
2.50000e-02	4.68750e-02	9.96378e+02	4.44266e-01	9.26654e-31
2.50000e-02	4.89583e-02	9.96364e+02	4.44266e-01	9.26104e-31
2.50000e-02	5.00000e-02	9.96364e+02	4.44266e-01	9.26104e-31

2.70000e-02	0.00000e+00	9.92668e+02	4.44266e-01	9.27491e-31
2.70000e-02	1.04167e-03	9.92668e+02	4.44266e-01	9.27491e-31
2.70000e-02	3.12500e-03	9.92682e+02	4.44266e-01	9.27713e-31
2.70000e-02	5.20833e-03	9.92696e+02	4.44266e-01	9.28191e-31
2.70000e-02	7.29167e-03	9.92710e+02	4.44266e-01	9.28861e-31
2.70000e-02	9.37500e-03	9.92725e+02	4.44266e-01	9.29567e-31
2.70000e-02	1.14583e-02	9.92739e+02	4.44266e-01	9.30219e-31
2.70000e-02	1.35417e-02	9.92752e+02	4.44266e-01	9.30799e-31
2.70000e-02	1.56250e-02	9.92764e+02	4.44266e-01	9.31226e-31
2.70000e-02	1.77083e-02	9.92774e+02	4.44266e-01	9.31362e-31
2.70000e-02	1.97917e-02	9.92783e+02	4.44266e-01	9.31195e-31
2.70000e-02	2.18750e-02	9.92788e+02	4.44266e-01	9.30896e-31
2.70000e-02	2.39583e-02	9.92791e+02	4.44266e-01	9.30683e-31
2.70000e-02	2.60417e-02	9.92791e+02	4.44266e-01	9.30683e-31
2.70000e-02	2.81250e-02	9.92788e+02	4.44266e-01	9.30896e-31
2.70000e-02	3.02083e-02	9.92783e+02	4.44266e-01	9.31195e-31
2.70000e-02	3.22917e-02	9.92774e+02	4.44266e-01	9.31362e-31
2.70000e-02	3.43750e-02	9.92764e+02	4.44266e-01	9.31227e-31
2.70000e-02	3.64583e-02	9.92752e+02	4.44266e-01	9.30800e-31
2.70000e-02	3.85417e-02	9.92739e+02	4.44266e-01	9.30219e-31
2.70000e-02	4.06250e-02	9.92725e+02	4.44266e-01	9.29568e-31
2.70000e-02	4.27083e-02	9.92710e+02	4.44266e-01	9.28861e-31
2.70000e-02	4.47917e-02	9.92696e+02	4.44266e-01	9.28191e-31
2.70000e-02	4.68750e-02	9.92682e+02	4.44266e-01	9.27713e-31
2.70000e-02	4.89583e-02	9.92668e+02	4.44266e-01	9.27491e-31
2.70000e-02	5.00000e-02	9.92668e+02	4.44266e-01	9.27491e-31

2.90000e-02	0.00000e+00	9.89572e+02	4.44266e-01	9.29197e-31
2.90000e-02	1.04167e-03	9.89572e+02	4.44266e-01	9.29197e-31
2.90000e-02	3.12500e-03	9.89584e+02	4.44266e-01	9.28977e-31
2.90000e-02	5.20833e-03	9.89597e+02	4.44266e-01	9.28769e-31
2.90000e-02	7.29167e-03	9.89611e+02	4.44266e-01	9.28703e-31
2.90000e-02	9.37500e-03	9.89625e+02	4.44266e-01	9.28757e-31
2.90000e-02	1.14583e-02	9.89638e+02	4.44266e-01	9.29007e-31
2.90000e-02	1.35417e-02	9.89651e+02	4.44266e-01	9.29588e-31
2.90000e-02	1.56250e-02	9.89663e+02	4.44266e-01	9.30378e-31
2.90000e-02	1.77083e-02	9.89673e+02	4.44266e-01	9.31021e-31
2.90000e-02	1.97917e-02	9.89681e+02	4.44266e-01	9.31306e-31
2.90000e-02	2.18750e-02	9.89687e+02	4.44266e-01	9.31329e-31
2.90000e-02	2.39583e-02	9.89689e+02	4.44266e-01	9.31288e-31
2.90000e-02	2.60417e-02	9.89689e+02	4.44266e-01	9.31288e-31
2.90000e-02	2.81250e-02	9.89687e+02	4.44266e-01	9.31329e-31
2.90000e-02	3.02083e-02	9.89681e+02	4.44266e-01	9.31306e-31
2.90000e-02	3.22917e-02	9.89673e+02	4.44266e-01	9.31021e-31
2.90000e-02	3.43750e-02	9.89663e+02	4.44266e-01	9.30378e-31
2.90000e-02	3.64583e-02	9.89651e+02	4.44266e-01	9.29588e-31
2.90000e-02	3.85417e-02	9.89638e+02	4.44266e-01	9.29007e-31
2.90000e-02	4.06250e-02	9.89625e+02	4.44266e-01	9.28757e-31
2.90000e-02	4.27083e-02	9.89611e+02	4.44266e-01	9.28703e-31
2.90000e-02	4.47917e-02	9.89597e+02	4.44266e-01	9.28769e-31
2.90000e-02	4.68750e-02	9.89584e+02	4.44266e-01	9.28978e-31
2.90000e-02	4.89583e-02	9.89572e+02	4.44266e-01	9.29197e-31
2.90000e-02	5.00000e-02	9.89572e+02	4.44266e-01	9.29197e-31

3.10000e-02	0.00000e+00	9.87012e+02	4.44266e-01	9.31351e-31
3.10000e-02	1.04167e-03	9.87012e+02	4.44266e-01	9.31351e-31
3.10000e-02	3.12500e-03	9.87023e+02	4.44266e-01	9.30647e-31
3.10000e-02	5.20833e-03	9.87035e+02	4.44266e-01	9.29731e-31
3.10000e-02	7.29167e-03	9.87048e+02	4.44266e-01	9.28933e-31
3.10000e-02	9.37500e-03	9.87061e+02	4.44266e-01	9.28329e-31
3.10000e-02	1.14583e-02	9.87074e+02	4.44266e-01	9.28148e-31
3.10000e-02	1.35417e-02	9.87086e+02	4.44266e-01	9.28715e-31
3.10000e-02	1.56250e-02	9.87098e+02	4.44266e-01	9.29873e-31
3.10000e-02	1.77083e-02	9.87108e+02	4.44266e-01	9.30995e-31
3.10000e-02	1.97917e-02	9.87115e+02	4.44266e-01	9.31663e-31
3.10000e-02	2.18750e-02	9.87121e+02	4.44266e-01	9.31943e-31
3.10000e-02	2.39583e-02	9.87123e+02	4.44266e-01	9.32047e-31
3.10000e-02	2.60417e-02	9.87123e+02	4.44266e-01	9.32047e-31
3.10000e-02	2.81250e-02	9.87121e+02	4.44266e-01	9.31943e-31
3.10000e-02	3.02083e-02	9.87115e+02	4.44266e-01	9.31663e-31
3.10000e-02	3.22917e-02	9.87108e+02	4.44266e-01	9.30995e-31
3.10000e-02	3.43750e-02	9.87098e+02	4.44266e-01	9.29873e-31
3.10000e-02	3.64583e-02	9.87086e+02	4.44266e-01	9.28715e-31
3.10000e-02	3.85417e-02	9.87074e+02	4.44266e-01	9.28148e-31
3.10000e-02	4.06250e-02	9.87061e+02	4.44266e-01	9.28329e-31
3.10000e-02	4.27083e-02	9.87048e+02	4.44266e-01	9.28934e-31
3.10000e-02	4.47917e-02	9.87035e+02	4.44266e-01	9.29732e-31
3.10000e-02	4.68750e-02	9.87023e+02	4.44266e-01	9.30648e-31
3.10000e-02	4.89583e-02	9.87012e+02	4.44266e-01	9.31351e-31
3.10000e-02	5.00000e-02	9.87012e+02	4.44266e-01	9.31351e-31

3.30000e-02	0.00000e+00	9.84923e+02	4.44266e-01	9.33346e-31
3.30000e-02	1.04167e-03	9.84923e+02	4.44266e-01	9.33346e-31
3.30000e-02	3.12500e-03	9.84933e+02	4.44266e-01	9.32232e-31
3.30000e-02	5.20833e-03	9.84944e+02	4.44266e-01	9.30797e-31
3.30000e-02	7.29167e-03	9.84956e+02	4.44266e-01	9.29536e-31
3.30000e-02	9.37500e-03	9.84968e+02	4.44266e-01	9.28515e-31
3.30000e-02	1.14583e-02	9.84981e+02	4.44266e-01	9.28018e-31
3.30000e-02	1.35417e-02	9.84993e+02	4.44266e-01	9.28553e-31
3.30000e-02	1.56250e-02	9.85004e+02	4.44266e-01	9.29933e-31
3.30000e-02	1.77083e-02	9.85013e+02	4.44266e-01	9.31278e-31
3.30000e-02	1.97917e-02	9.85021e+02	4.44266e-01	9.32044e-31
3.30000e-02	2.18750e-02	9.85026e+02	4.44266e-01	9.32358e-31
3.30000e-02	2.39583e-02	9.85029e+02	4.44266e-01	9.32504e-31
3.30000e-02	2.60417e-02	9.85029e+02	4.44266e-01	9.32504e-31
3.30000e-02	2.81250e-02	9.85026e+02	4.44266e-01	9.32358e-31
3.30000e-02	3.02083e-02	9.85021e+02	4.44266e-01	9.32044e-31
3.30000e-02	3.22917e-02	9.85013e+02	4.44266e-01	9.31278e-31
3.30000e-02	3.43750e-02	9.85004e+02	4.44266e-01	9.29933e-31
3.30000e-02	3.64583e-02	9.84993e+02	4.44266e-01	9.28553e-31
3.30000e-02	3.85417e-02	9.84981e+02	4.44266e-01	9.28019e-31
3.30000e-02	4.06250e-02	9.84968e+02	4.44266e-01	9.28515e-31
3.30000e-02	4.27083e-02	9.84956e+02	4.44266e-01	9.29536e-31
3.30000e-02	4.47917e-02	9.84944e+02	4.44266e-01	9.30798e-31
3.30000e-02	4.68750e-02	9.84933e+02	4.44266e-01	9.32232e-31
3.30000e-02	4.89583e-02	9.84923e+02	4.44266e-01	9.33347e-31
3.30000e-02	5.00000e-02	9.84923e+02	4.44266e-01	9.33347e-31

3.50000e-02	0.00000e+00	9.83241e+02	4.44266e-01	9.33756e-31
3.50000e-02	1.04167e-03	9.83241e+02	4.44266e-01	9.33756e-31
3.50000e-02	3.12500e-03	9.83250e+02	4.44266e-01	9.32386e-31
3.50000e-02	5.20833e-03	9.83260e+02	4.44266e-01	9.30792e-31
3.50000e-02	7.29167e-03	9.83271e+02	4.44266e-01	9.29597e-31
3.50000e-02	9.37500e-03	9.83283e+02	4.44266e-01	9.28718e-31
3.50000e-02	1.14583e-02	9.83295e+02	4.44266e-01	9.28235e-31
3.50000e-02	1.35417e-02	9.83306e+02	4.44266e-01	9.28740e-31
3.50000e-02	1.56250e-02	9.83317e+02	4.44266e-01	9.30040e-31
3.50000e-02	1.77083e-02	9.83326e+02	4.44266e-01	9.31095e-31
3.50000e-02	1.97917e-02	9.83333e+02	4.44266e-01	9.31437e-31
3.50000e-02	2.18750e-02	9.83338e+02	4.44266e-01	9.31381e-31
3.50000e-02	2.39583e-02	9.83341e+02	4.44266e-01	9.31358e-31
3.50000e-02	2.60417e-02	9.83341e+02	4.44266e-01	9.31358e-31
3.50000e-02	2.81250e-02	9.83338e+02	4.44266e-01	9.31381e-31
3.50000e-02	3.02083e-02	9.83333e+02	4.44266e-01	9.31437e-31
3.50000e-02	3.22917e-02	9.83326e+02	4.44266e-01	9.31095e-31
3.50000e-02	3.43750e-02	9.83317e+02	4.44266e-01	9.30040e-31
3.50000e-02	3.64583e-02	9.83306e+02	4.44266e-01	9.28740e-31
3.50000e-02	3.85417e-02	9.83295e+02	4.44266e-01	9.28235e-31
3.50000e-02	4.06250e-02	9.83283e+02	4.44266e-01	9.28718e-31
3.50000e-02	4.27083e-02	9.83271e+02	4.44266e-01	9.29597e-31
3.50000e-02	4.47917e-02	9.83260e+02	4.44266e-01	9.30792e-31
3.50000e-02	4.68750e-02	9.83250e+02	4.44266e-01	9.32387e-31
3.50000e-02	4.89583e-02	9.83241e+02	4.44266e-01	9.33756e-31
3.50000e-02	5.00000e-02	9.83241e+02	4.44266e-01	9.33756e-31

3.70000e-02	0.00000e+00	9.81905e+02	4.44266e-01	9.30986e-31
3.70000e-02	1.04167e-03	9.81905e+02	4.44266e-01	9.30986e-31
3.70000e-02	3.12500e-03	9.81913e+02	4.44266e-01	9.29391e-31
3.70000e-02	5.20833e-03	9.81922e+02	4.44266e-01	9.27853e-31
3.70000e-02	7.29167e-03	9.81932e+02	4.44266e-01	9.27283e-31
3.70000e-02	9.37500e-03	9.81943e+02	4.44266e-01	9.27303e-31
3.70000e-02	1.14583e-02	9.81955e+02	4.44266e-01	9.27341e-31
3.70000e-02	1.35417e-02	9.81966e+02	4.44266e-01	9.27896e-31
3.70000e-02	1.56250e-02	9.81976e+02	4.44266e-01	9.28787e-31
3.70000e-02	1.77083e-02	9.81985e+02	4.44266e-01	9.28941e-31
3.70000e-02	1.97917e-02	9.81992e+02	4.44266e-01	9.28246e-31
3.70000e-02	2.18750e-02	9.81997e+02	4.44266e-01	9.27328e-31
3.70000e-02	2.39583e-02	9.81999e+02	4.44266e-01	9.26850e-31
3.70000e-02	2.60417e-02	9.81999e+02	4.44266e-01	9.26850e-31
3.70000e-02	2.81250e-02	9.81997e+02	4.44266e-01	9.27328e-31
3.70000e-02	3.02083e-02	9.81992e+02	4.44266e-01	9.28246e-31
3.70000e-02	3.22917e-02	9.81985e+02	4.44266e-01	9.28942e-31
3.70000e-02	3.43750e-02	9.81976e+02	4.44266e-01	9.28787e-31
3.70000e-02	3.64583e-02	9.81966e+02	4.44266e-01	9.27897e-31
3.70000e-02	3.85417e-02	9.81955e+02	4.44266e-01	9.27342e-31
3.70000e-02	4.06250e-02	9.81943e+02	4.44266e-01	9.27303e-31
3.70000e-02	4.27083e-02	9.81932e+02	4.44266e-01	9.27284e-31
3.70000e-02	4.47917e-02	9.81922e+02	4.44266e-01	9.27853e-31
3.70000e-02	4.68750e-02	9.81913e+02	4.44266e-01	9.29392e-31
3.70000e-02	4.89583e-02	9.81905e+02	4.44266e-01	9.30987e-31
3.70000e-02	5.00000e-02	9.81905e+02	4.44266e-01	9.30987e-31

3.90000e-02	0.00000e+00	9.80858e+02	4.44266e-01	9.25124e-31
3.90000e-02	1.04167e-03	9.80858e+02	4.44266e-01	9.25124e-31
3.90000e-02	3.12500e-03	9.80865e+02	4.44266e-01	9.22809e-31
3.90000e-02	5.20833e-03	9.80873e+02	4.44266e-01	9.20777e-31
3.90000e-02	7.29167e-03	9.80882e+02	4.44266e-01	9.20834e-31
3.90000e-02	9.37500e-03	9.80893e+02	4.44266e-01	9.22194e-31
3.90000e-02	1.14583e-02	9.80904e+02	4.44266e-01	9.23121e-31
3.90000e-02	1.35417e-02	9.80914e+02	4.44266e-01	9.23931e-31
3.90000e-02	1.56250e-02	9.80924e+02	4.44266e-01	9.24453e-31
3.90000e-02	1.77083e-02	9.80933e+02	4.44266e-01	9.23519e-31
3.90000e-02	1.97917e-02	9.80940e+02	4.44266e-01	9.21545e-31
3.90000e-02	2.18750e-02	9.80945e+02	4.44266e-01	9.19612e-31
3.90000e-02	2.39583e-02	9.80947e+02	4.44266e-01	9.18599e-31
3.90000e-02	2.60417e-02	9.80947e+02	4.44266e-01	9.18599e-31
3.90000e-02	2.81250e-02	9.80945e+02	4.44266e-01	9.19612e-31
3.90000e-02	3.02083e-02	9.80940e+02	4.44266e-01	9.21545e-31
3.90000e-02	3.22917e-02	9.80933e+02	4.44266e-01	9.23519e-31
3.90000e-02	3.43750e-02	9.80924e+02	4.44266e-01	9.24453e-31
3.90000e-02	3.64583e-02	9.80914e+02	4.44266e-01	9.23931e-31
3.90000e-02	3.85417e-02	9.80904e+02	4.44266e-01	9.23121e-31
3.90000e-02	4.06250e-02	9.80893e+02	4.44266e-01	9.22194e-31
3.90000e-02	4.27083e-02	9.80882e+02	4.44266e-01	9.20834e-31
3.90000e-02	4.47917e-02	9.80873e+02	4.44266e-01	9.20778e-31
3.90000e-02	4.68750e-02	9.80865e+02	4.44266e-01	9.22810e-31
3.90000e-02	4.89583e-02	9.80858e+02	4.44266e-01	9.25125e-31
3.90000e-02	5.00000e-02	9.80858e+02	4.44266e-01	9.25125e-31

4.10000e-02	0.00000e+00	9.80048e+02	4.44266e-01	9.19337e-31
4.10000e-02	1.04167e-03	9.80048e+02	4.44266e-01	9.19337e-31
4.10000e-02	3.12500e-03	9.80054e+02	4.44266e-01	9.15216e-31
4.10000e-02	5.20833e-03	9.80061e+02	4.44266e-01	9.11114e-31
4.10000e-02	7.29167e-03	9.80070e+02	4.44266e-01	9.10736e-31
4.10000e-02	9.37500e-03	9.80080e+02	4.44266e-01	9.12697e-31
4.10000e-02	1.14583e-02	9.80091e+02	4.44266e-01	9.14062e-31
4.10000e-02	1.35417e-02	9.80101e+02	4.44266e-01	9.15351e-31
4.10000e-02	1.56250e-02	9.80110e+02	4.44266e-01	9.16340e-31
4.10000e-02	1.77083e-02	9.80119e+02	4.44266e-01	9.15176e-31
4.10000e-02	1.97917e-02	9.80126e+02	4.44266e-01	9.12559e-31
4.10000e-02	2.18750e-02	9.80130e+02	4.44266e-01	9.10370e-31
4.10000e-02	2.39583e-02	9.80133e+02	4.44266e-01	9.09468e-31
4.10000e-02	2.60417e-02	9.80133e+02	4.44266e-01	9.09468e-31
4.10000e-02	2.81250e-02	9.80130e+02	4.44266e-01	9.10370e-31
4.10000e-02	3.02083e-02	9.80126e+02	4.44266e-01	9.12559e-31
4.10000e-02	3.22917e-02	9.80119e+02	4.44266e-01	9.15176e-31
4.10000e-02	3.43750e-02	9.80110e+02	4.44266e-01	9.16341e-31
4.10000e-02	3.64583e-02	9.80101e+02	4.44266e-01	9.15351e-31
4.10000e-02	3.85417e-02	9.80091e+02	4.44266e-01	9.14062e-31
4.10000e-02	4.06250e-02	9.80080e+02	4.44266e-01	9.12697e-31
4.10000e-02	4.27083e-02	9.80070e+02	4.44266e-01	9.10736e-31
4.10000e-02	4.47917e-02	9.80061e+02	4.44266e-01	9.11114e-31
4.10000e-02	4.68750e-02	9.80054e+02	4.44266e-01	9.15217e-31
4.10000e-02	4.89583e-02	9.80048e+02	4.44266e-01	9.19338e-31
4.10000e-02	5.00000e-02	9.80048e+02	4.44266e-01	9.19338e-31

4.30000e-02	0.00000e+00	9.79430e+02	4.44266e-01	9.17355e-31
4.30000e-02	1.04167e-03	9.79430e+02	4.44266e-01	9.17355e-31
4.30000e-02	3.12500e-03	9.79435e+02	4.44266e-01	9.10778e-31
4.30000e-02	5.20833e-03	9.79442e+02	4.44266e-01	9.03391e-31
4.30000e-02	7.29167e-03	9.79451e+02	4.44266e-01	9.01181e-31
4.30000e-02	9.37500e-03	9.79460e+02	4.44266e-01	9.01632e-31
4.30000e-02	1.14583e-02	9.79470e+02	4.44266e-01	9.01753e-31
4.30000e-02	1.35417e-02	9.79480e+02	4.44266e-01	9.03377e-31
4.30000e-02	1.56250e-02	9.79489e+02	4.44266e-01	9.06086e-31
4.30000e-02	1.77083e-02	9.79498e+02	4.44266e-01	9.06205e-31
4.30000e-02	1.97917e-02	9.79504e+02	4.44266e-01	9.03971e-31
4.30000e-02	2.18750e-02	9.79509e+02	4.44266e-01	9.02767e-31
4.30000e-02	2.39583e-02	9.79511e+02	4.44266e-01	9.03290e-31
4.30000e-02	2.60417e-02	9.79511e+02	4.44266e-01	9.03290e-31
4.30000e-02	2.81250e-02	9.79509e+02	4.44266e-01	9.02767e-31
4.30000e-02	3.02083e-02	9.79504e+02	4.44266e-01	9.03971e-31
4.30000e-02	3.22917e-02	9.79498e+02	4.44266e-01	9.06205e-31
4.30000e-02	3.43750e-02	9.79489e+02	4.44266e-01	9.06086e-31
4.30000e-02	3.64583e-02	9.79480e+02	4.44266e-01	9.03377e-31
4.30000e-02	3.85417e-02	9.79470e+02	4.44266e-01	9.01753e-31
4.30000e-02	4.06250e-02	9.79460e+02	4.44266e-01	9.01632e-31
4.30000e-02	4.27083e-02	9.79451e+02	4.44266e-01	9.01181e-31
4.30000e-02	4.47917e-02	9.79442e+02	4.44266e-01	9.03392e-31
4.30000e-02	4.68750e-02	9.79435e+02	4.44266e-01	9.10778e-31
4.30000e-02	4.89583e-02	9.79430e+02	4.44266e-01	9.17356e-31
4.30000e-02	5.00000e-02	9.79430e+02	4.44266e-01	9.17356e-31

4.50000e-02	0.00000e+00	9.78965e+02	4.44266e-01	9.19035e-31
4.50000e-02	1.04167e-03	9.78965e+02	4.44266e-01	9.19035e-31
4.50000e-02	3.12500e-03	9.78970e+02	4.44266e-01	9.10921e-31
4.50000e-02	5.20833e-03	9.78976e+02	4.44266e-01	9.01792e-31
4.50000e-02	7.29167e-03	9.78984e+02	4.44266e-01	8.98234e-31
4.50000e-02	9.37500e-03	9.78993e+02	4.44266e-01	8.95789e-31
4.50000e-02	1.14583e-02	9.79003e+02	4.44266e-01	8.93016e-31
4.50000e-02	1.35417e-02	9.79013e+02	4.44266e-01	8.94213e-31
4.50000e-02	1.56250e-02	9.79022e+02	4.44266e-01	8.98594e-31
4.50000e-02	1.77083e-02	9.79030e+02	4.44266e-01	8.99887e-31
4.50000e-02	1.97917e-02	9.79036e+02	4.44266e-01	8.97336e-31
4.50000e-02	2.18750e-02	9.79041e+02	4.44266e-01	8.96293e-31
4.50000e-02	2.39583e-02	9.79043e+02	4.44266e-01	8.98263e-31
4.50000e-02	2.60417e-02	9.79043e+02	4.44266e-01	8.98263e-31
4.50000e-02	2.81250e-02	9.79041e+02	4.44266e-01	8.96293e-31
4.50000e-02	3.02083e-02	9.79036e+02	4.44266e-01	8.97336e-31
4.50000e-02	3.22917e-02	9.79030e+02	4.44266e-01	8.99887e-31
4.50000e-02	3.43750e-02	9.79022e+02	4.44266e-01	8.98594e-31
4.50000e-02	3.64583e-02	9.79013e+02	4.44266e-01	8.94213e-31
4.50000e-02	3.85417e-02	9.79003e+02	4.44266e-01	8.93017e-31
4.50000e-02	4.06250e-02	9.78993e+02	4.44266e-01	8.95789e-31
4.50000e-02	4.27083e-02	9.78984e+02	4.44266e-01	8.98235e-31
4.50000e-02	4.47917e-02	9.78976e+02	4.44266e-01	9.01792e-31
4.50000e-02	4.68750e-02	9.78970e+02	4.44266e-01	9.10921e-31
4.50000e-02	4.89583e-02	9.78965e+02	4.44266e-01	9.19036e-31
4.50000e-02	5.00000e-02	9.78965e+02	4.44266e-01	9.19036e-31

4.70000e-02	0.00000e+00	9.78621e+02	4.44266e-01	9.18979e-31
4.70000e-02	1.04167e-03	9.78621e+02	4.44266e-01	9.18979e-31
4.70000e-02	3.12500e-03	9.78625e+02	4.44266e-01	9.11402e-31
4.70000e-02	5.20833e-03	9.78631e+02	4.44266e-01	9.04937e-31
4.70000e-02	7.29167e-03	9.78639e+02	4.44266e-01	9.03325e-31
4.70000e-02	9.37500e-03	9.78647e+02	4.44266e-01	9.00577e-31
4.70000e-02	1.14583e-02	9.78657e+02	4.44266e-01	8.96146e-31
4.70000e-02	1.35417e-02	9.78666e+02	4.44266e-01	8.96328e-31
4.70000e-02	1.56250e-02	9.78675e+02	4.44266e-01	9.00091e-31
4.70000e-02	1.77083e-02	9.78683e+02	4.44266e-01	8.99395e-31
4.70000e-02	1.97917e-02	9.78690e+02	4.44266e-01	8.93208e-31
4.70000e-02	2.18750e-02	9.78694e+02	4.44266e-01	8.87590e-31
4.70000e-02	2.39583e-02	9.78696e+02	4.44266e-01	8.87255e-31
4.70000e-02	2.60417e-02	9.78696e+02	4.44266e-01	8.87255e-31
4.70000e-02	2.81250e-02	9.78694e+02	4.44266e-01	8.87590e-31
4.70000e-02	3.02083e-02	9.78690e+02	4.44266e-01	8.93208e-31
4.70000e-02	3.22917e-02	9.78683e+02	4.44266e-01	8.99395e-31
4.70000e-02	3.43750e-02	9.78675e+02	4.44266e-01	9.00091e-31
4.70000e-02	3.64583e-02	9.78666e+02	4.44266e-01	8.96329e-31
4.70000e-02	3.85417e-02	9.78657e+02	4.44266e-01	8.96146e-31
4.70000e-02	4.06250e-02	9.78647e+02	4.44266e-01	9.00578e-31
4.70000e-02	4.27083e-02	9.78639e+02	4.44266e-01	9.03326e-31
4.70000e-02	4.47917e-02	9.78631e+02	4.44266e-01	9.04938e-31
4.70000e-02	4.68750e-02	9.78625e+02	4.44266e-01	9.11403e-31
4.70000e-02	4.89583e-02	9.78621e+02	4.44266e-01	9.18980e-31
4.70000e-02	5.00000e-02	9.78621e+02	4.44266e-01	9.18980e-31

4.90000e-02	0.00000e+00	9.78370e+02	4.44266e-01	9.05935e-31
4.90000e-02	1.04167e-03	9.78370e+02	4.44266e-01	9.05935e-31
4.90000e-02	3.12500e-03	9.78374e+02	4.44266e-01	9.02988e-31
4.90000e-02	5.20833e-03	9.78379e+02	4.44266e-01	9.03974e-31
4.90000e-02	7.29167e-03	9.78387e+02	4.44266e-01	9.07057e-31
4.90000e-02	9.37500e-03	9.78395e+02	4.44266e-01	9.09135e-31
4.90000e-02	1.14583e-02	9.78405e+02	4.44266e-01	9.07411e-31
4.90000e-02	1.35417e-02	9.78414e+02	4.44266e-01	9.07598e-31
4.90000e-02	1.56250e-02	9.78423e+02	4.44266e-01	9.09109e-31
4.90000e-02	1.77083e-02	9.78431e+02	4.44266e-01	9.04491e-31
4.90000e-02	1.97917e-02	9.78437e+02	4.44266e-01	8.93218e-31
4.90000e-02	2.18750e-02	9.78442e+02	4.44266e-01	8.79320e-31
4.90000e-02	2.39583e-02	9.78444e+02	4.44266e-01	8.72131e-31
4.90000e-02	2.60417e-02	9.78444e+02	4.44266e-01	8.72131e-31
4.90000e-02	2.81250e-02	9.78442e+02	4.44266e-01	8.79320e-31
4.90000e-02	3.02083e-02	9.78437e+02	4.44266e-01	8.93218e-31
4.90000e-02	3.22917e-02	9.78431e+02	4.44266e-01	9.04491e-31
4.90000e-02	3.43750e-02	9.78423e+02	4.44266e-01	9.09109e-31
4.90000e-02	3.64583e-02	9.78414e+02	4.44266e-01	9.07599e-31
4.90000e-02	3.85417e-02	9.78405e+02	4.44266e-01	9.07411e-31
4.90000e-02	4.06250e-02	9.78395e+02	4.44266e-01	9.09135e-31
4.90000e-02	4.27083e-02	9.78387e+02	4.44266e-01	9.07058e-31
4.90000e-02	4.47917e-02	9.78379e+02	4.44266e-01	9.03975e-31
4.90000e-02	4.68750e-02	9.78374e+02	4.44266e-01	9.02989e-31
4.90000e-02	4.89583e-02	9.78370e+02	4.44266e-01	9.05937e-31
4.90000e-02	5.00000e-02	9.78370e+02	4.44266e-01	9.05937e-31

5.10000e-02	0.00000e+00	9.78192e+02	4.44266e-01	8.87711e-31
5.10000e-02	1.04167e-03	9.78192e+02	4.44266e-01	8.87711e-31
5.10000e-02	3.12500e-03	9.78196e+02	4.44266e-01	8.92559e-31
5.10000e-02	5.20833e-03	9.78201e+02	4.44266e-01	9.00912e-31
5.10000e-02	7.29167e-03	9.78209e+02	4.44266e-01	9.06157e-31
5.10000e-02	9.37500e-03	9.78217e+02	4.44266e-01	9.14168e-31
5.10000e-02	1.14583e-02	9.78226e+02	4.44266e-01	9.18544e-31
5.10000e-02	1.35417e-02	9.78236e+02	4.44266e-01	9.20225e-31
5.10000e-02	1.56250e-02	9.78245e+02	4.44266e-01	9.19541e-31
5.10000e-02	1.77083e-02	9.78252e+02	4.44266e-01	9.12875e-31
5.10000e-02	1.97917e-02	9.78259e+02	4.44266e-01	8.99505e-31
5.10000e-02	2.18750e-02	9.78263e+02	4.44266e-01	8.79863e-31
5.10000e-02	2.39583e-02	9.78266e+02	4.44266e-01	8.67200e-31
5.10000e-02	2.60417e-02	9.78266e+02	4.44266e-01	8.67200e-31
5.10000e-02	2.81250e-02	9.78263e+02	4.44266e-01	8.79863e-31
5.10000e-02	3.02083e-02	9.78259e+02	4.44266e-01	8.99506e-31
5.10000e-02	3.22917e-02	9.78252e+02	4.44266e-01	9.12875e-31
5.10000e-02	3.43750e-02	9.78245e+02	4.44266e-01	9.19541e-31
5.10000e-02	3.64583e-02	9.78236e+02	4.44266e-01	9.20225e-31
5.10000e-02	3.85417e-02	9.78226e+02	4.44266e-01	9.18545e-31
5.10000e-02	4.06250e-02	9.78217e+02	4.44266e-01	9.14168e-31
5.10000e-02	4.27083e-02	9.78209e+02	4.44266e-01	9.06158e-31
5.10000e-02	4.47917e-02	9.78201e+02	4.44266e-01	9.00913e-31
5.10000e-02	4.68750e-02	9.78196e+02	4.44266e-01	8.92560e-31
5.10000e-02	4.89583e-02	9.78192e+02	4.44266e-01	8.87712e-31
5.10000e-02	5.00000e-02	9.78192e+02	4.44266e-01	8.87712e-31

5.30000e-02	0.00000e+00	9.78075e+02	4.44266e-01	8.90101e-31
5.30000e-02	1.04167e-03	9.78075e+02	4.44266e-01	8.90101e-31
5.30000e-02	3.12500e-03	9.78078e+02	4.44266e-01	8.97804e-31
5.30000e-02	5.20833e-03	9.78084e+02	4.44266e-01	9.08323e-31
5.30000e-02	7.29167e-03	9.78091e+02	4.44266e-01	9.11073e-31
5.30000e-02	9.37500e-03	9.78100e+02	4.44266e-01	9.18212e-31
5.30000e-02	1.14583e-02	9.78109e+02	4.44266e-01	9.26101e-31
5.30000e-02	1.35417e-02	9.78119e+02	4.44266e-01	9.27247e-31
5.30000e-02	1.56250e-02	9.78128e+02	4.44266e-01	9.22131e-31
5.30000e-02	1.77083e-02	9.78136e+02	4.44266e-01	9.15950e-31
5.30000e-02	1.97917e-02	9.78142e+02	4.44266e-01	9.06833e-31
5.30000e-02	2.18750e-02	9.78146e+02	4.44266e-01	8.89541e-31
5.30000e-02	2.39583e-02	9.78149e+02	4.44266e-01	8.78589e-31
5.30000e-02	2.60417e-02	9.78149e+02	4.44266e-01	8.78589e-31
5.30000e-02	2.81250e-02	9.78146e+02	4.44266e-01	8.89542e-31
5.30000e-02	3.02083e-02	9.78142e+02	4.44266e-01	9.06834e-31
5.30000e-02	3.22917e-02	9.78136e+02	4.44266e-01	9.15951e-31
5.30000e-02	3.43750e-02	9.78128e+02	4.44266e-01	9.22132e-31
5.30000e-02	3.64583e-02	9.78119e+02	4.44266e-01	9.27247e-31
5.30000e-02	3.85417e-02	9.78109e+02	4.44266e-01	9.26102e-31
5.30000e-02	4.06250e-02	9.78100e+02	4.44266e-01	9.18213e-31
5.30000e-02	4.27083e-02	9.78091e+02	4.44266e-01	9.11074e-31
5.30000e-02	4.47917e-02	9.78084e+02	4.44266e-01	9.08325e-31
5.30000e-02	4.68750e-02	9.78078e+02	4.44266e-01	8.97805e-31
5.30000e-02	4.89583e-02	9.78075e+02	4.44266e-01	8.90102e-31
5.30000e-02	5.00000e-02	9.78075e+02	4.44266e-01	8.90102e-31

5.50000e-02	0.00000e+00	9.78015e+02	4.44266e-01	9.08459e-31
5.50000e-02	1.04167e-03	9.78015e+02	4.44266e-01	9.08459e-31
5.50000e-02	3.12500e-03	9.78019e+02	4.44266e-01	9.09474e-31
5.50000e-02	5.20833e-03	9.78025e+02	4.44266e-01	9.17410e-31
5.50000e-02	7.29167e-03	9.78033e+02	4.44266e-01	9.18015e-31
5.50000e-02	9.37500e-03	9.78042e+02	4.44266e-01	9.17639e-31
5.50000e-02	1.14583e-02	9.78051e+02	4.44266e-01	9.23280e-31
5.50000e-02	1.35417e-02	9.78061e+02	4.44266e-01	9.22875e-31
5.50000e-02	1.56250e-02	9.78070e+02	4.44266e-01	9.16641e-31
5.50000e-02	1.77083e-02	9.78078e+02	4.44266e-01	9.15325e-31
5.50000e-02	1.97917e-02	9.78085e+02	4.44266e-01	9.10124e-31
5.50000e-02	2.18750e-02	9.78089e+02	4.44266e-01	8.98296e-31
5.50000e-02	2.39583e-02	9.78092e+02	4.44266e-01	8.96315e-31
5.50000e-02	2.60417e-02	9.78092e+02	4.44266e-01	8.96315e-31
5.50000e-02	2.81250e-02	9.78089e+02	4.44266e-01	8.98296e-31
5.50000e-02	3.02083e-02	9.78085e+02	4.44266e-01	9.10125e-31
5.50000e-02	3.22917e-02	9.78078e+02	4.44266e-01	9.15325e-31
5.50000e-02	3.43750e-02	9.78070e+02	4.44266e-01	9.16642e-31
5.50000e-02	3.64583e-02	9.78061e+02	4.44266e-01	9.22875e-31
5.50000e-02	3.85417e-02	9.78051e+02	4.44266e-01	9.23281e-31
5.50000e-02	4.06250e-02	9.78042e+02	4.44266e-01	9.17640e-31
5.50000e-02	4.27083e-02	9.78033e+02	4.44266e-01	9.18016e-31
5.50000e-02	4.47917e-02	9.78025e+02	4.44266e-01	9.17411e-31
5.50000e-02	4.68750e-02	9.78019e+02	4.44266e-01	9.09475e-31
5.50000e-02	4.89583e-02	9.78015e+02	4.44266e-01	9.08460e-31
5.50000e-02	5.00000e-02	9.78015e+02	4.44266e-01	9.08460e-31

5.70000e-02	0.00000e+00	9.78029e+02	4.44266e-01	9.25554e-31
5.70000e-02	1.04167e-03	9.78029e+02	4.44266e-01	9.25554e-31
5.70000e-02	3.12500e-03	9.78034e+02	4.44266e-01	9.12816e-31
5.70000e-02	5.20833e-03	9.78041e+02	4.44266e-01	9.16482e-31
5.70000e-02	7.29167e-03	9.78050e+02	4.44266e-01	9.22706e-31
5.70000e-02	9.37500e-03	9.78060e+02	4.44266e-01	9.17258e-31
5.70000e-02	1.14583e-02	9.78070e+02	4.44266e-01	9.15826e-31
5.70000e-02	1.35417e-02	9.78081e+02	4.44266e-01	9.14041e-31
5.70000e-02	1.56250e-02	9.78091e+02	4.44266e-01	9.12241e-31
5.70000e-02	1.77083e-02	9.78099e+02	4.44266e-01	9.15341e-31
5.70000e-02	1.97917e-02	9.78106e+02	4.44266e-01	9.07526e-31
5.70000e-02	2.18750e-02	9.78111e+02	4.44266e-01	8.98809e-31
5.70000e-02	2.39583e-02	9.78113e+02	4.44266e-01	9.08589e-31
5.70000e-02	2.60417e-02	9.78113e+02	4.44266e-01	9.08589e-31
5.70000e-02	2.81250e-02	9.78111e+02	4.44266e-01	8.98809e-31
5.70000e-02	3.02083e-02	9.78106e+02	4.44266e-01	9.07526e-31
5.70000e-02	3.22917e-02	9.78099e+02	4.44266e-01	9.15341e-31
5.70000e-02	3.43750e-02	9.78091e+02	4.44266e-01	9.12242e-31
5.70000e-02	3.64583e-02	9.78081e+02	4.44266e-01	9.14042e-31
5.70000e-02	3.85417e-02	9.78070e+02	4.44266e-01	9.15827e-31
5.70000e-02	4.06250e-02	9.78060e+02	4.44266e-01	9.17259e-31
5.70000e-02	4.27083e-02	9.78050e+02	4.44266e-01	9.22707e-31
5.70000e-02	4.47917e-02	9.78041e+02	4.44266e-01	9.16483e-31
5.70000e-02	4.68750e-02	9.78034e+02	4.44266e-01	9.12817e-31
5.70000e-02	4.89583e-02	9.78029e+02	4.44266e-01	9.25555e-31
5.70000e-02	5.00000e-02	9.78029e+02	4.44266e-01	9.25555e-31

5.90000e-02	0.00000e+00	9.78171e+02	4.44266e-01	9.29175e-31
5.90000e-02	1.04167e-03	9.78171e+02	4.44266e-01	9.29175e-31
5.90000e-02	3.12500e-03	9.78178e+02	4.44266e-01	9.10105e-31
5.90000e-02	5.20833e-03	9.78188e+02	4.44266e-01	9.06234e-31
5.90000e-02	7.29167e-03	9.78198e+02	4.44266e-01	9.16036e-31
5.90000e-02	9.37500e-03	9.78210e+02	4.44266e-01	9.12505e-31
5.90000e-02	1.14583e-02	9.78222e+02	4.44266e-01	9.14200e-31
5.90000e-02	1.35417e-02	9.78234e+02	4.44266e-01	9.11700e-31
5.90000e-02	1.56250e-02	9.78245e+02	4.44266e-01	9.06663e-31
5.90000e-02	1.77083e-02	9.78255e+02	4.44266e-01	9.12110e-31
5.90000e-02	1.97917e-02	9.78262e+02	4.44266e-01	9.07418e-31
5.90000e-02	2.18750e-02	9.78267e+02	4.44266e-01	8.99764e-31
5.90000e-02	2.39583e-02	9.78270e+02	4.44266e-01	9.10462e-31
5.90000e-02	2.60417e-02	9.78270e+02	4.44266e-01	9.10462e-31
5.90000e-02	2.81250e-02	9.78267e+02	4.44266e-01	8.99764e-31
5.90000e-02	3.02083e-02	9.78262e+02	4.44266e-01	9.07419e-31
5.90000e-02	3.22917e-02	9.78255e+02	4.44266e-01	9.12111e-31
5.90000e-02	3.43750e-02	9.78245e+02	4.44266e-01	9.06664e-31
5.90000e-02	3.64583e-02	9.78234e+02	4.44266e-01	9.11701e-31
5.90000e-02	3.85417e-02	9.78222e+02	4.44266e-01	9.14201e-31
5.90000e-02	4.06250e-02	9.78210e+02	4.44266e-01	9.12506e-31
5.90000e-02	4.27083e-02	9.78198e+02	4.44266e-01	9.16037e-31
5.90000e-02	4.47917e-02	9.78188e+02	4.44266e-01	9.06235e-31
5.90000e-02	4.68750e-02	9.78178e+02	4.44266e-01	9.10107e-31
5.90000e-02	4.89583e-02	9.78171e+02	4.44266e-01	9.29177e-31
5.90000e-02	5.00000e-02	9.78171e+02	4.44266e-01	9.29177e-31

6.10000e-02	0.00000e+00	9.78565e+02	4.44266e-01	9.20376e-31
6.10000e-02	1.04167e-03	9.78565e+02	4.44266e-01	9.20376e-31
6.10000e-02	3.12500e-03	9.78577e+02	4.44266e-01	9.04105e-31
6.10000e-02	5.20833e-03	9.78591e+02	4.44266e-01	8.89809e-31
6.10000e-02	7.29167e-03	9.78606e+02	4.44266e-01	8.98610e-31
6.10000e-02	9.37500e-03	9.78622e+02	4.44266e-01	9.01678e-31
6.10000e-02	1.14583e-02	9.78637e+02	4.44266e-01	9.16916e-31
6.10000e-02	1.35417e-02	9.78652e+02	4.44266e-01	9.14138e-31
6.10000e-02	1.56250e-02	9.78665e+02	4.44266e-01	8.97372e-31
6.10000e-02	1.77083e-02	9.78676e+02	4.44266e-01	9.04762e-31
6.10000e-02	1.97917e-02	9.78685e+02	4.44266e-01	9.12552e-31
6.10000e-02	2.18750e-02	9.78691e+02	4.44266e-01	9.07613e-31
6.10000e-02	2.39583e-02	9.78694e+02	4.44266e-01	9.07675e-31
6.10000e-02	2.60417e-02	9.78694e+02	4.44266e-01	9.07675e-31
6.10000e-02	2.81250e-02	9.78691e+02	4.44266e-01	9.07614e-31
6.10000e-02	3.02083e-02	9.78685e+02	4.44266e-01	9.12552e-31
6.10000e-02	3.22917e-02	9.78676e+02	4.44266e-01	9.04763e-31
6.10000e-02	3.43750e-02	9.78665e+02	4.44266e-01	8.97373e-31
6.10000e-02	3.64583e-02	9.78652e+02	4.44266e-01	9.14139e-31
6.10000e-02	3.85417e-02	9.78637e+02	4.44266e-01	9.16917e-31
6.10000e-02	4.06250e-02	9.78622e+02	4.44266e-01	9.01679e-31
6.10000e-02	4.27083e-02	9.78606e+02	4.44266e-01	8.98611e-31
6.10000e-02	4.47917e-02	9.78591e+02	4.44266e-01	8.89810e-31
6.10000e-02	4.68750e-02	9.78577e+02	4.44266e-01	9.04107e-31
6.10000e-02	4.89583e-02	9.78565e+02	4.44266e-01	9.20378e-31
6.10000e-02	5.00000e-02	9.78565e+02	4.44266e-01	9.20378e-31

6.30000e-02	0.00000e+00	9.79468e+02	4.44266e-01	9.09548e-31
6.30000e-02	1.04167e-03	9.79468e+02	4.44266e-01	9.09548e-31
6.30000e-02	3.12500e-03	9.79490e+02	4.44266e-01	8.95305e-31
6.30000e-02	5.20833e-03	9.79512e+02	4.44266e-01	8.83101e-31
6.30000e-02	7.29167e-03	9.79534e+02	4.44266e-01	8.93541e-31
6.30000e-02	9.37500e-03	9.79556e+02	4.44266e-01	8.95641e-31
6.30000e-02	1.14583e-02	9.79578e+02	4.44266e-01	9.09406e-31
6.30000e-02	1.35417e-02	9.79597e+02	4.44266e-01	9.05710e-31
6.30000e-02	1.56250e-02	9.79614e+02	4.44266e-01	8.89025e-31
6.30000e-02	1.77083e-02	9.79629e+02	4.44266e-01	8.98645e-31
6.30000e-02	1.97917e-02	9.79640e+02	4.44266e-01	9.11699e-31
6.30000e-02	2.18750e-02	9.79648e+02	4.44266e-01	9.14187e-31
6.30000e-02	2.39583e-02	9.79652e+02	4.44266e-01	9.10130e-31
6.30000e-02	2.60417e-02	9.79652e+02	4.44266e-01	9.10130e-31
6.30000e-02	2.81250e-02	9.79648e+02	4.44266e-01	9.14187e-31
6.30000e-02	3.02083e-02	9.79640e+02	4.44266e-01	9.11699e-31
6.30000e-02	3.22917e-02	9.79629e+02	4.44266e-01	8.98646e-31
6.30000e-02	3.43750e-02	9.79614e+02	4.44266e-01	8.89026e-31
6.30000e-02	3.64583e-02	9.79597e+02	4.44266e-01	9.05710e-31
6.30000e-02	3.85417e-02	9.79578e+02	4.44266e-01	9.09407e-31
6.30000e-02	4.06250e-02	9.79556e+02	4.44266e-01	8.95642e-31
6.30000e-02	4.27083e-02	9.79534e+02	4.44266e-01	8.93542e-31
6.30000e-02	4.47917e-02	9.79512e+02	4.44266e-01	8.83103e-31
6.30000e-02	4.68750e-02	9.79490e+02	4.44266e-01	8.95307e-31
6.30000e-02	4.89583e-02	9.79468e+02	4.44266e-01	9.09550e-31
6.30000e-02	5.00000e-02	9.79468e+02	4.44266e-01	9.09550e-31

6.50000e-02	0.00000e+00	9.81347e+02	4.44266e-01	8.88481e-31
6.50000e-02	1.04167e-03	9.81347e+02	4.44266e-01	8.88481e-31
6.50000e-02	3.12500e-03	9.81382e+02	4.44266e-01	8.78884e-31
6.50000e-02	5.20833e-03	9.81417e+02	4.44266e-01	8.85268e-31
6.50000e-02	7.29167e-03	9.81451e+02	4.44266e-01	9.01909e-31
6.50000e-02	9.37500e-03	9.81483e+02	4.44266e-01	8.96036e-31
6.50000e-02	1.14583e-02	9.81513e+02	4.44266e-01	8.91033e-31
6.50000e-02	1.35417e-02	9.81541e+02	4.44266e-01	8.86060e-31
6.50000e-02	1.56250e-02	9.81564e+02	4.44266e-01	8.83824e-31
6.50000e-02	1.77083e-02	9.81584e+02	4.44266e-01	8.94371e-31
6.50000e-02	1.97917e-02	9.81598e+02	4.44266e-01	9.02465e-31
6.50000e-02	2.18750e-02	9.81609e+02	4.44266e-01	9.16045e-31
6.50000e-02	2.39583e-02	9.81614e+02	4.44266e-01	9.16382e-31
6.50000e-02	2.60417e-02	9.81614e+02	4.44266e-01	9.16382e-31
6.50000e-02	2.81250e-02	9.81609e+02	4.44266e-01	9.16045e-31
6.50000e-02	3.02083e-02	9.81598e+02	4.44266e-01	9.02465e-31
6.50000e-02	3.22917e-02	9.81584e+02	4.44266e-01	8.94372e-31
6.50000e-02	3.43750e-02	9.81564e+02	4.44266e-01	8.83824e-31
6.50000e-02	3.64583e-02	9.81541e+02	4.44266e-01	8.86061e-31
6.50000e-02	3.85417e-02	9.81513e+02	4.44266e-01	8.91034e-31
6.50000e-02	4.06250e-02	9.81483e+02	4.44266e-01	8.96037e-31
6.50000e-02	4.27083e-02	9.81451e+02	4.44266e-01	9.01910e-31
6.50000e-02	4.47917e-02	9.81417e+02	4.44266e-01	8.85269e-31
6.50000e-02	4.68750e-02	9.81382e+02	4.44266e-01	8.78885e-31
6.50000e-02	4.89583e-02	9.81347e+02	4.44266e-01	8.88483e-31
6.50000e-02	5.00000e-02	9.81347e+02	4.44266e-01	8.88483e-31

6.70000e-02	0.00000e+00	9.84932e+02	4.44266e-01	8.53666e-31
6.70000e-02	1.04167e-03	9.84932e+02	4.44266e-01	8.53666e-31
6.70000e-02	3.12500e-03	9.84985e+02	4.44266e-01	8.65122e-31
6.70000e-02	5.20833e-03	9.85036e+02	4.44266e-01	8.89196e-31
6.70000e-02	7.29167e-03	9.85085e+02	4.44266e-01	9.06098e-31
6.70000e-02	9.37500e-03	9.85130e+02	4.44266e-01	9.02545e-31
6.70000e-02	1.14583e-02	9.85172e+02	4.44266e-01	8.90417e-31
6.70000e-02	1.35417e-02	9.85208e+02	4.44266e-01	8.84353e-31
6.70000e-02	1.56250e-02	9.85240e+02	4.44266e-01	8.85949e-31
6.70000e-02	1.77083e-02	9.85265e+02	4.44266e-01	8.88046e-31
6.70000e-02	1.97917e-02	9.85285e+02	4.44266e-01	8.90680e-31
6.70000e-02	2.18750e-02	9.85298e+02	4.44266e-01	9.01950e-31
6.70000e-02	2.39583e-02	9.85305e+02	4.44266e-01	9.00657e-31
6.70000e-02	2.60417e-02	9.85305e+02	4.44266e-01	9.00657e-31
6.70000e-02	2.81250e-02	9.85298e+02	4.44266e-01	9.01950e-31
6.70000e-02	3.02083e-02	9.85285e+02	4.44266e-01	8.90680e-31
6.70000e-02	3.22917e-02	9.85265e+02	4.44266e-01	8.88046e-31
6.70000e-02	3.43750e-02	9.85240e+02	4.44266e-01	8.85949e-31
6.70000e-02	3.64583e-02	9.85208e+02	4.44266e-01	8.84354e-31
6.70000e-02	3.85417e-02	9.85172e+02	4.44266e-01	8.90418e-31
6.70000e-02	4.06250e-02	9.85130e+02	4.44266e-01	9.02546e-31
6.70000e-02	4.27083e-02	9.85085e+02	4.44266e-01	9.06099e-31
6.70000e-02	4.47917e-02	9.85036e+02	4.44266e-01	8.89198e-31
6.70000e-02	4.68750e-02	9.84985e+02	4.44266e-01	8.65123e-31
6.70000e-02	4.89583e-02	9.84932e+02	4.44266e-01	8.53668e-31
6.70000e-02	5.00000e-02	9.84932e+02	4.44266e-01	8.53668e-31

6.90000e-02	0.00000e+00	9.91159e+02	4.44266e-01	8.46759e-31
6.90000e-02	1.04167e-03	9.91159e+02	4.44266e-01	8.46759e-31
6.90000e-02	3.12500e-03	9.91228e+02	4.44266e-01	8.67342e-31
6.90000e-02	5.20833e-03	9.91293e+02	4.44266e-01	8.88439e-31
6.90000e-02	7.29167e-03	9.91355e+02	4.44266e-01	8.93172e-31
6.90000e-02	9.37500e-03	9.91412e+02	4.44266e-01	9.04041e-31
6.90000e-02	1.14583e-02	9.91463e+02	4.44266e-01	9.01371e-31
6.90000e-02	1.35417e-02	9.91509e+02	4.44266e-01	8.94888e-31
6.90000e-02	1.56250e-02	9.91547e+02	4.44266e-01	8.86359e-31
6.90000e-02	1.77083e-02	9.91578e+02	4.44266e-01	8.71167e-31
6.90000e-02	1.97917e-02	9.91602e+02	4.44266e-01	8.70619e-31
6.90000e-02	2.18750e-02	9.91618e+02	4.44266e-01	8.64925e-31
6.90000e-02	2.39583e-02	9.91626e+02	4.44266e-01	8.54269e-31
6.90000e-02	2.60417e-02	9.91626e+02	4.44266e-01	8.54269e-31
6.90000e-02	2.81250e-02	9.91618e+02	4.44266e-01	8.64925e-31
6.90000e-02	3.02083e-02	9.91602e+02	4.44266e-01	8.70619e-31
6.90000e-02	3.22917e-02	9.91578e+02	4.44266e-01	8.71167e-31
6.90000e-02	3.43750e-02	9.91547e+02	4.44266e-01	8.86359e-31
6.90000e-02	3.64583e-02	9.91509e+02	4.44266e-01	8.94889e-31
6.90000e-02	3.85417e-02	9.91463e+02	4.44266e-01	9.01372e-31
6.90000e-02	4.06250e-02	9.91412e+02	4.44266e-01	9.04042e-31
6.90000e-02	4.27083e-02	9.91355e+02	4.44266e-01	8.93174e-31
6.90000e-02	4.47917e-02	9.91293e+02	4.44266e-01	8.88441e-31
6.90000e-02	4.68750e-02	9.91228e+02	4.44266e-01	8.67344e-31
6.90000e-02	4.89583e-02	9.91159e+02	4.44266e-01	8.46761e-31
6.90000e-02	5.00000e-02	9.91159e+02	4.44266e-01	8.46761e-31

7.10000e-02	0.00000e+00	1.00084e+03	4.44266e-01	8.51744e-31
7.10000e-02	1.04167e-03	1.00084e+03	4.44266e-01	8.51744e-31
7.10000e-02	3.12500e-03	1.00091e+03	4.44266e-01	8.70393e-31
7.10000e-02	5.20833e-03	1.00098e+03	4.44266e-01	8.80062e-31
7.10000e-02	7.29167e-03	1.00104e+03	4.44266e-01	8.78284e-31
7.10000e-02	9.37500e-03	1.00110e+03	4.44266e-01	8.97119e-31
7.10000e-02	1.14583e-02	1.00116e+03	4.44266e-01	9.07475e-31
7.10000e-02	1.35417e-02	1.00120e+03	4.44266e-01	9.02317e-31
7.10000e-02	1.56250e-02	1.00124e+03	4.44266e-01	8.85256e-31
7.10000e-02	1.77083e-02	1.00128e+03	4.44266e-01	8.67888e-31
7.10000e-02	1.97917e-02	1.00130e+03	4.44266e-01	8.68035e-31
7.10000e-02	2.18750e-02	1.00132e+03	4.44266e-01	8.53395e-31
7.10000e-02	2.39583e-02	1.00132e+03	4.44266e-01	8.41045e-31
7.10000e-02	2.60417e-02	1.00132e+03	4.44266e-01	8.41045e-31
7.10000e-02	2.81250e-02	1.00132e+03	4.44266e-01	8.53395e-31
7.10000e-02	3.02083e-02	1.00130e+03	4.44266e-01	8.68035e-31
7.10000e-02	3.22917e-02	1.00128e+03	4.44266e-01	8.67888e-31
7.10000e-02	3.43750e-02	1.00124e+03	4.44266e-01	8.85256e-31
7.10000e-02	3.64583e-02	1.00120e+03	4.44266e-01	9.02318e-31
7.10000e-02	3.85417e-02	1.00116e+03	4.44266e-01	9.07476e-31
7.10000e-02	4.06250e-02	1.00110e+03	4.44266e-01	8.97120e-31
7.10000e-02	4.27083e-02	1.00104e+03	4.44266e-01	8.78286e-31
7.10000e-02	4.47917e-02	1.00098e+03	4.44266e-01	8.80063e-31
7.10000e-02	4.68750e-02	1.00091e+03	4.44266e-01	8.70395e-31
7.10000e-02	4.89583e-02	1.00084e+03	4.44266e-01	8.51746e-31
7.10000e-02	5.00000e-02	1.00084e+03	4.44266e-01	8.51746e-31

7.30000e-02	0.00000e+00	1.01403e+03	4.44266e-01	8.48882e-31
7.30000e-02	1.04167e-03	1.01403e+03	4.44266e-01	8.48882e-31
7.30000e-02	3.12500e-03	1.01408e+03	4.44266e-01	8.62934e-31
7.30000e-02	5.20833e-03	1.01412e+03	4.44266e-01	8.61654e-31
7.30000e-02	7.29167e-03	1.01416e+03	4.44266e-01	8.58957e-31
7.30000e-02	9.37500e-03	1.01420e+03	4.44266e-01	8.79117e-31
7.30000e-02	1.14583e-02	1.01424e+03	4.44266e-01	9.01675e-31
7.30000e-02	1.35417e-02	1.01428e+03	4.44266e-01	9.01400e-31
7.30000e-02	1.56250e-02	1.01430e+03	4.44266e-01	8.85232e-31
7.30000e-02	1.77083e-02	1.01433e+03	4.44266e-01	8.80726e-31
7.30000e-02	1.97917e-02	1.01435e+03	4.44266e-01	8.79688e-31
7.30000e-02	2.18750e-02	1.01436e+03	4.44266e-01	8.65281e-31
7.30000e-02	2.39583e-02	1.01436e+03	4.44266e-01	8.64631e-31
7.30000e-02	2.60417e-02	1.01436e+03	4.44266e-01	8.64631e-31
7.30000e-02	2.81250e-02	1.01436e+03	4.44266e-01	8.65281e-31
7.30000e-02	3.02083e-02	1.01435e+03	4.44266e-01	8.79689e-31
7.30000e-02	3.22917e-02	1.01433e+03	4.44266e-01	8.80727e-31
7.30000e-02	3.43750e-02	1.01430e+03	4.44266e-01	8.85232e-31
7.30000e-02	3.64583e-02	1.01428e+03	4.44266e-01	9.01401e-31
7.30000e-02	3.85417e-02	1.01424e+03	4.44266e-01	9.01677e-31
7.30000e-02	4.06250e-02	1.01420e+03	4.44266e-01	8.79118e-31
7.30000e-02	4.27083e-02	1.01416e+03	4.44266e-01	8.58959e-31
7.30000e-02	4.47917e-02	1.01412e+03	4.44266e-01	8.61656e-31
7.30000e-02	4.68750e-02	1.01408e+03	4.44266e-01	8.62936e-31
7.30000e-02	4.89583e-02	1.01403e+03	4.44266e-01	8.48884e-31
7.30000e-02	5.00000e-02	1.01403e+03	4.44266e-01	8.48884e-31

7.50000e-02	0.00000e+00	1.02923e+03	4.44266e-01	8.18026e-31
7.50000e-02	1.04167e-03	1.02923e+03	4.44266e-01	8.18026e-31
7.50000e-02	3.12500e-03	1.02921e+03	4.44266e-01	8.40677e-31
7.50000e-02	5.20833e-03	1.02920e+03	4.44266e-01	8.49944e-31
7.50000e-02	7.29167e-03	1.02920e+03	4.44266e-01	8.43518e-31
7.50000e-02	9.37500e-03	1.02920e+03	4.44266e-01	8.63369e-31
7.50000e-02	1.14583e-02	1.02921e+03	4.44266e-01	8.84953e-31
7.50000e-02	1.35417e-02	1.02921e+03	4.44266e-01	8.93381e-31
7.50000e-02	1.56250e-02	1.02922e+03	4.44266e-01	8.95687e-31
7.50000e-02	1.77083e-02	1.02922e+03	4.44266e-01	8.96602e-31
7.50000e-02	1.97917e-02	1.02922e+03	4.44266e-01	8.80184e-31
7.50000e-02	2.18750e-02	1.02923e+03	4.44266e-01	8.66189e-31
7.50000e-02	2.39583e-02	1.02923e+03	4.44266e-01	8.84293e-31
7.50000e-02	2.60417e-02	1.02923e+03	4.44266e-01	8.84293e-31
7.50000e-02	2.81250e-02	1.02923e+03	4.44266e-01	8.66189e-31
7.50000e-02	3.02083e-02	1.02922e+03	4.44266e-01	8.80185e-31
7.50000e-02	3.22917e-02	1.02922e+03	4.44266e-01	8.96603e-31
7.50000e-02	3.43750e-02	1.02922e+03	4.44266e-01	8.95688e-31
7.50000e-02	3.64583e-02	1.02921e+03	4.44266e-01	8.93382e-31
7.50000e-02	3.85417e-02	1.02921e+03	4.44266e-01	8.84954e-31
7.50000e-02	4.06250e-02	1.02920e+03	4.44266e-01	8.63370e-31
7.50000e-02	4.27083e-02	1.02920e+03	4.44266e-01	8.43519e-31
7.50000e-02	4.47917e-02	1.02920e+03	4.44266e-01	8.49946e-31
7.50000e-02	4.68750e-02	1.02921e+03	4.44266e-01	8.40679e-31
7.50000e-02	4.89583e-02	1.02923e+03	4.44266e-01	8.18028e-31
7.50000e-02	5.00000e-02	1.02923e+03	4.44266e-01	8.18028e-31

7.70000e-02	0.00000e+00	1.04317e+03	4.44266e-01	8.11508e-31
7.70000e-02	1.04167e-03	1.04317e+03	4.44266e-01	8.11508e-31
7.70000e-02	3.12500e-03	1.04307e+03	4.44266e-01	8.39239e-31
7.70000e-02	5.20833e-03	1.04300e+03	4.44266e-01	8.55487e-31
7.70000e-02	7.29167e-03	1.04293e+03	4.44266e-01	8.41502e-31
7.70000e-02	9.37500e-03	1.04288e+03	4.44266e-01	8.53878e-31
7.70000e-02	1.14583e-02	1.04284e+03	4.44266e-01	8.78477e-31
7.70000e-02	1.35417e-02	1.04281e+03	4.44266e-01	8.96402e-31
7.70000e-02	1.56250e-02	1.04279e+03	4.44266e-01	9.07459e-31
7.70000e-02	1.77083e-02	1.04277e+03	4.44266e-01	9.02038e-31
7.70000e-02	1.97917e-02	1.04275e+03	4.44266e-01	8.78500e-31
7.70000e-02	2.18750e-02	1.04274e+03	4.44266e-01	8.62290e-31
7.70000e-02	2.39583e-02	1.04274e+03	4.44266e-01	8.79400e-31
7.70000e-02	2.60417e-02	1.04274e+03	4.44266e-01	8.79400e-31
7.70000e-02	2.81250e-02	1.04274e+03	4.44266e-01	8.62290e-31
7.70000e-02	3.02083e-02	1.04275e+03	4.44266e-01	8.78501e-31
7.70000e-02	3.22917e-02	1.04277e+03	4.44266e-01	9.02038e-31
7.70000e-02	3.43750e-02	1.04279e+03	4.44266e-01	9.07459e-31
7.70000e-02	3.64583e-02	1.04281e+03	4.44266e-01	8.96403e-31
7.70000e-02	3.85417e-02	1.04284e+03	4.44266e-01	8.78478e-31
7.70000e-02	4.06250e-02	1.04288e+03	4.44266e-01	8.53879e-31
7.70000e-02	4.27083e-02	1.04293e+03	4.44266e-01	8.41504e-31
7.70000e-02	4.47917e-02	1.04300e+03	4.44266e-01	8.55488e-31
7.70000e-02	4.68750e-02	1.04307e+03	4.44266e-01	8.39241e-31
7.70000e-02	4.89583e-02	1.04317e+03	4.44266e-01	8.11510e-31
7.70000e-02	5.00000e-02	1.04317e+03	4.44266e-01	8.11510e-31

7.90000e-02	0.00000e+00	1.05171e+03	4.44266e-01	8.24755e-31
7.90000e-02	1.04167e-03	1.05171e+03	4.44266e-01	8.24755e-31
7.90000e-02	3.12500e-03	1.05156e+03	4.44266e-01	8.53077e-31
7.90000e-02	5.20833e-03	1.05143e+03	4.44266e-01	8.68030e-31
7.90000e-02	7.29167e-03	1.05133e+03	4.44266e-01	8.43181e-31
7.90000e-02	9.37500e-03	1.05124e+03	4.44266e-01	8.43566e-31
7.90000e-02	1.14583e-02	1.05117e+03	4.44266e-01	8.77067e-31
7.90000e-02	1.35417e-02	1.05111e+03	4.44266e-01	9.03868e-31
7.90000e-02	1.56250e-02	1.05106e+03	4.44266e-01	9.13167e-31
7.90000e-02	1.77083e-02	1.05103e+03	4.44266e-01	8.96735e-31
7.90000e-02	1.97917e-02	1.05100e+03	4.44266e-01	8.74701e-31
7.90000e-02	2.18750e-02	1.05098e+03	4.44266e-01	8.54552e-31
7.90000e-02	2.39583e-02	1.05097e+03	4.44266e-01	8.57512e-31
7.90000e-02	2.60417e-02	1.05097e+03	4.44266e-01	8.57512e-31
7.90000e-02	2.81250e-02	1.05098e+03	4.44266e-01	8.54552e-31
7.90000e-02	3.02083e-02	1.05100e+03	4.44266e-01	8.74701e-31
7.90000e-02	3.22917e-02	1.05103e+03	4.44266e-01	8.96736e-31
7.90000e-02	3.43750e-02	1.05106e+03	4.44266e-01	9.13167e-31
7.90000e-02	3.64583e-02	1.05111e+03	4.44266e-01	9.03869e-31
7.90000e-02	3.85417e-02	1.05117e+03	4.44266e-01	8.77069e-31
7.90000e-02	4.06250e-02	1.05124e+03	4.44266e-01	8.43567e-31
7.90000e-02	4.27083e-02	1.05133e+03	4.44266e-01	8.43183e-31
7.90000e-02	4.47917e-02	1.05143e+03	4.44266e-01	8.68031e-31
7.90000e-02	4.68750e-02	1.05156e+03	4.44266e-01	8.53079e-31
7.90000e-02	4.89583e-02	1.05171e+03	4.44266e-01	8.24757e-31
7.90000e-02	5.00000e-02	1.05171e+03	4.44266e-01	8.24757e-31

8.00000e-02	0.00000e+00	1.05171e+03	4.44266e-01	8.24755e-31
8.00000e-02	1.04167e-03	1.05171e+03	4.44266e-01	8.24755e-31
8.00000e-02	3.12500e-03	1.05156e+03	4.44266e-01	8.53077e-31
8.00000e-02	5.20833e-03	1.05143e+03	4.44266e-01	8.68030e-31
8.00000e-02	7.29167e-03	1.05133e+03	4.44266e-01	8.43181e-31
8.00000e-02	9.37500e-03	1.05124e+03	4.44266e-01	8.43566e-31
8.00000e-02	1.14583e-02	1.05117e+03	4.44266e-01	8.77067e-31
8.00000e-02	1.35417e-02	1.05111e+03	4.44266e-01	9.03868e-31
8.00000e-02	1.56250e-02	1.05106e+03	4.44266e-01	9.13167e-31
8.00000e-02	1.77083e-02	1.05103e+03	4.44266e-01	8.96735e-31
8.00000e-02	1.97917e-02	1.05100e+03	4.44266e-01	8.74701e-31
8.00000e-02	2.18750e-02	1.05098e+03	4.44266e-01	8.54552e-31
8.00000e-02	2.39583e-02	1.05097e+03	4.44266e-01	8.57512e-31
8.00000e-02	2.60417e-02	1.05097e+03	4.44266e-01	8.57512e-31
8.00000e-02	2.81250e-02	1.05098e+03	4.44266e-01	8.54552e-31
8.00000e-02	3.02083e-02	1.05100e+03	4.44266e-01	8.74701e-31
8.00000e-02	3.22917e-02	1.05103e+03	4.44266e-01	8.96736e-31
8.00000e-02	3.43750e-02	1.05106e+03	4.44266e-01	9.13167e-31
8.00000e-02	3.64583e-02	1.05111e+03	4.44266e-01	9.03869e-31
8.00000e-02	3.85417e-02	1.05117e+03	4.44266e-01	8.77069e-31
8.00000e-02	4.06250e-02	1.05124e+03	4.44266e-01	8.43567e-31
8.00000e-02	4.27083e-02	1.05133e+03	4.44266e-01	8.43183e-31
8.00000e-02	4.47917e-02	1.05143e+03	4.44266e-01	8.68031e-31
8.00000e-02	4.68750e-02	1.05156e+03	4.44266e-01	8.53079e-31
8.00000e-02	4.89583e-02	1.05171e+03	4.44266e-01	8.24757e-31
8.00000e-02	5.00000e-02	1.05171e+03	4.44266e-01	8.24757e-31

